"var1"
-3323.00173219876
-3323.00173219876
-3323.00173219876
-3323.00173219876
-3323.00173219876
-3323.00173219876
-3323.00173219876
-3323.00173219876
-3322.04034447883
-3322.04034447883
-3322.04034447883
-3319.99525675692
-3322.41782166496
-3319.82526579029
-3321.92252089565
-3319.482619417
-3317.69324446897
-3316.43632259066
-3316.26612111082
-3317.80066427449
-3317.72849374076
-3319.26901942885
-3317.58532150632
-3316.76477222448
-3322.93647527298
-3320.51370154194
-3323.43426653444
-3319.9825085676
-3320.10506874719
-3320.75718085435
-3323.65636682774
-3320.89576863169
-3319.84386291322
-3319.14111723885
-3323.86066884309
-3320.47014173165
-3321.29131216207
-3319.5974506223
-3317.8877725058
-3320.58239365704
-3321.20509173103
-3318.47559151942
-3317.3426392574
-3317.55093541717
-3319.38969827708
-3318.29364278157
-3316.79249127507
-3321.76430451107
-3318.53600980931
-3319.94182729526
-3318.67309285838
-3318.71373032153
-3318.47456103445
-3320.65470001726
-3319.35779296999
-3318.01510408233
-3320.00109805907
-3320.41032542436
-3323.4125517289
-3320.65362880783
-3321.85583209189
-3322.75498585782
-3325.11308120376
-3325.2592795993
-3331.3702145705
-3328.4723106698
-3329.86753194416
-3326.67160731195
-3324.9623691823
-3325.74031131787
-3323.11798414771
-3324.61928471261
-3327.19251364636
-3322.40995611354
-3323.24102835895
-3321.22527491206
-3319.28983976484
-3321.57246157009
-3319.21654579532
-3323.25184430137
-3325.2492607824
-3318.80961222148
-3323.04301748347
-3322.45147586966
-3319.7639109817
-3319.76749157507
-3323.2018296046
-3322.10789744704
-3321.32031684562
-3321.4706345306
-3323.32880035172
-3321.24847770944
-3321.15120716868
-3320.95561282041
-3321.92607645053
-3321.70608806557
-3318.2181568897
-3317.00408937284
-3321.09599383204
-3320.35073099338
-3316.92303380793
-3315.99017676409
-3315.66352065161
-3319.93016504733
-3316.61768678748
-3318.91628075068
-3318.17613080886
-3315.80536546931
-3316.51851243974
-3325.25425853803
-3320.83642544181
-3319.00252882742
-3320.37697250681
-3322.51208320517
-3319.13781951638
-3320.80106425875
-3322.34425620251
-3324.08566929783
-3319.93439353499
-3318.28424342801
-3320.17672319977
-3318.04093194758
-3321.52788720911
-3321.6901397657
-3320.07984255343
-3321.74631425766
-3325.07607364349
-3319.18861091359
-3327.75146678259
-3318.00997768154
-3316.30832473352
-3318.4704772748
-3315.68259614554
-3313.83310459671
-3321.43624921082
-3322.698999127
-3317.39315224067
-3319.48995119163
-3319.79362231912
-3318.74754996425
-3321.98700791551
-3318.56612276365
-3319.8525123309
-3323.09364357729
-3319.95943551837
-3322.48285403029
-3318.04808311739
-3318.64142243853
-3319.85796982151
-3324.516036967
-3323.75336964035
-3322.42164050798
-3319.91118485184
-3316.82960466536
-3322.30163684628
-3318.16607325527
-3315.74206448124
-3318.17112080656
-3319.39870556874
-3320.05650671736
-3324.11180667596
-3320.28489594951
-3315.65505600252
-3318.19049907257
-3320.65025588193
-3320.19365258921
-3321.87840296955
-3315.37926662197
-3318.10806231986
-3316.34472871502
-3316.33939596831
-3316.90897153325
-3318.50122900992
-3318.7332208075
-3317.32621772746
-3317.46119493551
-3317.41289875746
-3317.55634347399
-3316.87530026548
-3317.66374770722
-3320.26006726875
-3317.37651011571
-3317.66358558347
-3321.26151676037
-3321.93869045214
-3319.17672211454
-3318.22768323986
-3317.12784181029
-3321.68727328721
-3325.81357464279
-3319.7553835687
-3318.67836777558
-3319.10153156817
-3320.55782299174
-3318.62705034153
-3319.53479989587
-3318.04069686794
-3317.53173977407
-3320.09445062607
-3317.9211034239
-3319.06918138856
-3316.5321655114
-3317.03981331655
-3316.54066827
-3320.0778904816
-3321.39971163285
-3322.2626545371
-3319.36048271017
-3319.4305079375
-3315.90664614971
-3318.52410603115
-3320.49046884348
-3319.54894162982
-3324.8081349816
-3317.93003106722
-3317.54860671331
-3319.81287727742
-3321.20361615391
-3320.54478569236
-3320.25875288686
-3316.29732927378
-3320.21283332101
-3316.99302925248
-3319.46918874981
-3320.55916117318
-3321.26630876953
-3321.64129408909
-3322.08741951349
-3323.64595690765
-3319.22528908657
-3322.54225398433
-3323.40145523989
-3324.3799634266
-3320.78230182329
-3320.27508476044
-3334.29300175324
-3327.90546985922
-3334.45222252373
-3323.89327798555
-3323.75447673548
-3325.16521472553
-3323.58558743712
-3322.21012117821
-3326.23939044996
-3324.32716858087
-3324.4406867436
-3326.39703550911
-3325.17849519585
-3320.55438345008
-3323.2452127442
-3320.99551244644
-3319.58591159536
-3322.45442271844
-3325.28374371178
-3323.485506317
-3324.83397517373
-3325.90400700569
-3324.34457339765
-3320.6554063754
-3319.77743820092
-3321.16478444088
-3322.11215647728
-3321.47867352693
-3320.30762386049
-3318.08369586482
-3322.63353272891
-3322.01462702455
-3318.06729879763
-3320.2326536182
-3319.19986140408
-3321.53512641477
-3320.6081234301
-3319.11567508339
-3318.1908149772
-3319.4019679979
-3320.39046002122
-3322.14954094196
-3319.94865205961
-3323.4069876294
-3322.20042490272
-3326.98817648824
-3328.4135683994
-3329.51575057994
-3331.67774409342
-3328.88164656248
-3330.79581431173
-3328.23426490047
-3327.59655897413
-3324.22626175883
-3322.82707235802
-3320.64213285671
-3319.39165018301
-3320.57369829098
-3322.53703018772
-3328.85735443309
-3321.24219060947
-3323.88641340311
-3321.97869048648
-3323.29060169668
-3321.8190133937
-3315.61608804367
-3317.87781023453
-3316.50712417564
-3318.84800110654
-3320.16266614345
-3316.67532846366
-3320.84479529816
-3315.89823414129
-3317.10966318811
-3315.86061816834
-3318.67155779925
-3317.68173701492
-3316.55154590111
-3317.73954695192
-3319.46130330955
-3322.56442772452
-3319.76782109863
-3317.39915960827
-3319.0769272778
-3318.64053686502
-3319.11968378298
-3321.89183919919
-3322.21655535041
-3320.03051909364
-3320.5642284061
-3321.38618372256
-3317.58825594249
-3317.10746919981
-3316.7929300638
-3316.71595430228
-3316.42442148844
-3316.33273192823
-3318.58731421439
-3315.62626418774
-3315.47369741515
-3316.7464130112
-3315.41340827683
-3317.57187733918
-3318.20613895848
-3316.70747935973
-3317.31522960541
-3317.4055246177
-3318.68122584915
-3323.78232996413
-3320.40621538493
-3322.9659087973
-3321.43918523502
-3325.10137109717
-3325.10050787424
-3325.14069458703
-3323.0967454066
-3325.51188442307
-3322.19490582776
-3322.33085092155
-3324.2227397644
-3321.00801717346
-3319.54523923004
-3322.7663103358
-3321.15545944078
-3320.48481962639
-3320.83466321518
-3323.71176793296
-3320.67047582113
-3326.83462673086
-3322.07587201885
-3328.43177827768
-3323.75087529581
-3321.70395492408
-3321.78572531064
-3319.8645856856
-3318.11873510142
-3315.57182536371
-3316.0049752515
-3323.94056312648
-3319.86260182959
-3317.99364500204
-3316.33821483294
-3318.18632960998
-3316.16444722067
-3317.35167167458
-3318.37329412803
-3320.42267054935
-3322.86917589401
-3320.19665772855
-3322.50476670462
-3321.27968004063
-3322.49030962408
-3319.48793510657
-3323.08471853307
-3325.38864626451
-3320.71182681409
-3324.85836208578
-3322.62429713461
-3319.70767780971
-3319.21253379741
-3317.59316189486
-3319.05915986127
-3322.66665232413
-3323.13914709785
-3319.50576403177
-3321.5453885378
-3317.77461401323
-3320.92969059018
-3320.49787177718
-3318.76142482602
-3321.03278865287
-3323.60020540623
-3322.83583544603
-3321.94941994562
-3320.11244151919
-3322.81784795942
-3324.49107999009
-3323.54761565972
-3323.90622497596
-3326.31854477388
-3326.98565392948
-3326.43999143081
-3329.61985170403
-3327.75402213566
-3323.43780527094
-3330.76592490845
-3321.6283897483
-3321.3970155695
-3320.54085668726
-3326.39088257877
-3323.50081045136
-3324.15466088213
-3322.9539531325
-3323.60450885569
-3326.5060040082
-3323.06308053876
-3324.74541252362
-3327.50234844022
-3329.41450505348
-3332.41558302433
-3331.01100030083
-3329.92021394155
-3332.30683719701
-3332.97143621081
-3329.80468379438
-3330.27077807195
-3327.78124821691
-3325.61992218415
-3330.77862105874
-3328.5097606359
-3324.37104408775
-3327.70987540921
-3326.4221391929
-3327.62548360321
-3324.40299719449
-3324.49286671278
-3324.93854290871
-3324.33869514641
-3328.9788806358
-3328.68342439374
-3328.33456877249
-3331.10889277522
-3326.52622837867
-3326.03720740641
-3324.36220894052
-3323.78757185131
-3327.96943573021
-3326.0815613616
-3323.24858272255
-3324.04159772364
-3323.98038654384
-3324.78484348409
-3325.31522741799
-3325.5577613475
-3323.18239260862
-3323.85240288449
-3323.45231209589
-3323.17922898964
-3321.25274076154
-3323.80097504626
-3322.27188936237
-3325.27652043151
-3321.00417932655
-3328.39000346075
-3322.47086398311
-3325.25761834142
-3325.84771867322
-3322.67189994265
-3324.45909938444
-3327.9533325597
-3321.77930345527
-3322.3550175632
-3323.16705875545
-3321.9793051259
-3328.46664977042
-3322.74330081216
-3322.78070582413
-3324.33745428468
-3326.70022786631
-3321.42729214004
-3321.44364300131
-3324.8469016852
-3327.67116849021
-3326.53825055029
-3324.34651079581
-3322.41735146114
-3323.01058155017
-3324.16824422213
-3325.25238861591
-3325.7941504645
-3328.60427914535
-3328.43441592635
-3328.44934373599
-3329.07956277933
-3329.85272458184
-3328.95607958705
-3327.36081850188
-3325.21483770105
-3324.65109292315
-3326.75166744095
-3331.12671189443
-3330.87498020146
-3334.27323028223
-3331.9145891069
-3328.518135708
-3326.03958308239
-3326.53112598064
-3327.0666593747
-3327.83601573918
-3327.65585751534
-3321.78258389564
-3323.27051078461
-3322.78590018132
-3323.86437046913
-3323.6735277431
-3320.42665527757
-3321.85196693291
-3321.42934614753
-3321.88627362713
-3327.83779319026
-3324.02486534846
-3323.17858869517
-3323.92126290882
-3323.13546132054
-3323.87062700685
-3321.0119016952
-3321.71799055988
-3324.40095949964
-3321.77949489717
-3320.21035351536
-3323.9439755384
-3321.11463293899
-3324.99765387022
-3320.31720073119
-3323.2500649301
-3321.45336271034
-3324.67306959754
-3320.85767020231
-3325.93161888964
-3324.5411522158
-3326.62107852779
-3329.19923057302
-3324.86751159734
-3326.12370660297
-3323.95518220845
-3330.64981584194
-3331.71381051646
-3327.66459077349
-3325.97574162539
-3327.92485971572
-3324.83258528976
-3326.34529579602
-3332.29052528741
-3327.7024473444
-3325.87939507417
-3328.27984578126
-3333.96724094539
-3327.52045923091
-3325.79819141089
-3325.82758642843
-3327.83282566797
-3329.02288691084
-3324.56985460558
-3324.94992648495
-3325.51403205892
-3324.05514258098
-3324.84722872424
-3329.32698827123
-3334.1250334513
-3331.30418667737
-3336.00690688727
-3330.61662610541
-3328.02011971146
-3327.65063498032
-3324.51461061987
-3327.84528465897
-3322.13027221866
-3323.12269359159
-3323.77803946656
-3322.7099885149
-3326.92216432118
-3324.59491831698
-3325.19309330867
-3327.94207623743
-3326.4357944732
-3323.52252303679
-3322.0080353419
-3324.90126665743
-3325.67579562273
-3323.41309942403
-3320.99859322911
-3319.95670860585
-3321.23277075444
-3320.2588313929
-3320.86435281482
-3322.56473555445
-3321.93173755136
-3318.40382759287
-3319.59215754999
-3326.23197621633
-3321.47500019875
-3325.59097128932
-3323.6817177131
-3323.0942046487
-3323.88059202657
-3326.62786418822
-3325.39372058977
-3328.3218544704
-3325.77983952163
-3332.88325603468
-3328.50220701108
-3324.57811443044
-3325.52435682226
-3325.77503296053
-3327.9580495084
-3326.00234232093
-3327.61618957272
-3324.32430488738
-3326.76294604844
-3326.11556169921
-3328.68175700641
-3324.86651213821
-3324.64177319405
-3324.78894005719
-3329.60982461112
-3331.72797761941
-3325.44766202905
-3325.58792652182
-3325.80577439375
-3324.05952788807
-3324.14507047384
-3327.11167004159
-3325.00805303481
-3325.59315607924
-3327.09342988252
-3324.36914548355
-3329.38660556127
-3324.90140473281
-3324.42493945523
-3328.11918970811
-3321.74221626116
-3322.53968116318
-3320.00178175962
-3320.73890006022
-3322.91913082257
-3326.40549006179
-3325.9062377798
-3321.22850074806
-3324.94441244695
-3320.75975255705
-3326.65605718057
-3333.03320895161
-3320.40210819516
-3322.30231005852
-3323.16164012561
-3324.27014139097
-3322.99551302504
-3322.48082040073
-3321.73525211671
-3324.1710321203
-3319.53261939374
-3323.31570093287
-3323.66265526347
-3319.72808626736
-3319.675767901
-3322.90179346864
-3326.09852911175
-3319.77174575462
-3325.58613413157
-3321.57501540267
-3324.24318335888
-3324.04142153201
-3319.06934246951
-3322.57417534992
-3323.0429759616
-3321.02827498438
-3321.0532327506
-3324.95746395271
-3323.26895514341
-3323.35494648401
-3325.10250295124
-3323.5726150801
-3324.52121441239
-3328.09198146595
-3325.57385802733
-3327.50493559036
-3326.06445050773
-3324.71450734582
-3322.9140849624
-3324.77850503129
-3322.20286222194
-3320.09267805838
-3320.89616484557
-3322.84809719091
-3321.80392098075
-3320.18374028369
-3320.23696273907
-3320.76760676312
-3322.42156904516
-3316.49645236542
-3319.02444569391
-3323.78777821271
-3319.86711372515
-3318.20357064152
-3320.4637560611
-3319.89024316828
-3320.73887469205
-3323.12447989111
-3320.24380322937
-3322.28425734468
-3324.04501022883
-3323.39536941229
-3325.03597574595
-3324.31757963273
-3321.34444891139
-3319.5353927847
-3321.50265571292
-3320.2973185783
-3319.80598550148
-3321.42878010036
-3324.49598971628
-3320.28361548216
-3319.50238204473
-3321.02429797967
-3322.12249502815
-3321.12818165187
-3325.05132318958
-3323.68032679715
-3326.97993212972
-3328.97546145987
-3322.67536280356
-3322.76708411212
-3327.79163348695
-3325.24810533835
-3326.03320415833
-3321.08891046536
-3322.11238377764
-3323.32135448639
-3326.20842533613
-3323.75467285233
-3324.62038379509
-3327.7194632623
-3324.97115559498
-3323.84095565257
-3326.86807298078
-3324.29471712502
-3324.37252357958
-3323.93836757968
-3322.90067626328
-3323.08815134552
-3325.45879708604
-3323.62375668555
-3322.4474465492
-3322.13373498328
-3320.79793690425
-3320.21398806266
-3323.62257362381
-3321.6887148259
-3321.14279804745
-3321.04861728255
-3325.54401998923
-3331.09422696269
-3323.30879409324
-3326.74423097436
-3326.3983850013
-3328.87582406138
-3327.54229626274
-3327.97503714188
-3325.76866589654
-3329.21742448089
-3324.77364663193
-3330.99307103515
-3327.51829383486
-3330.4365204863
-3328.58238857034
-3327.77955248954
-3328.45328007454
-3330.48713469433
-3326.51523707884
-3324.30933870697
-3325.14011883768
-3326.04279038997
-3327.03300246394
-3326.74491939715
-3323.0860620179
-3327.58638297082
-3323.93827786667
-3324.66971804986
-3328.30955519775
-3329.23016775381
-3326.40430358764
-3323.93790339783
-3325.80564464366
-3323.79341478891
-3325.76041394538
-3328.3887285345
-3325.26270089777
-3326.00126134715
-3324.30012001543
-3323.59444002474
-3324.14489573459
-3321.78142607414
-3323.89199552398
-3331.20312140569
-3329.91036646357
-3323.69787444021
-3329.13743956117
-3329.7417388341
-3332.72992859527
-3326.16092114057
-3329.27503518753
-3332.10296138986
-3323.35959565863
-3322.79802636968
-3327.82305615817
-3331.84445476135
-3326.90763740828
-3325.28686820282
-3325.59574593877
-3325.35320735843
-3324.25194658097
-3321.94839323509
-3323.71134357394
-3328.96788115285
-3327.98158934635
-3327.02611564641
-3327.28793619915
-3326.10185722781
-3325.85659952599
-3327.68859525077
-3327.7730774806
-3327.06276346857
-3327.39742195792
-3328.26889743429
-3328.1452785755
-3329.7454176518
-3329.12622757114
-3330.81443064302
-3329.0849489355
-3333.22680816567
-3329.95509639168
-3329.55061904956
-3330.10211396831
-3330.85272704096
-3327.1409493817
-3327.34048872767
-3327.30346539925
-3326.20975790792
-3329.49522446984
-3327.01406226673
-3324.68512575874
-3326.92489064226
-3326.96406790906
-3324.04827814966
-3334.45483346333
-3324.2734088059
-3321.80948896861
-3319.98435323502
-3319.52961941543
-3322.14456984353
-3321.46427176093
-3322.99781977469
-3324.31939330962
-3327.50936882564
-3325.81506046273
-3322.7932140965
-3325.36429547151
-3321.74052565247
-3322.76889365232
-3324.1261635625
-3320.09644820329
-3324.11214160146
-3322.65659065295
-3322.28425540518
-3325.06093130663
-3322.36245408962
-3320.49579142732
-3327.08045827791
-3321.50653100849
-3321.95866626278
-3322.50371875786
-3323.44542285969
-3324.85843123477
-3324.35026364939
-3324.56559925696
-3324.22095501727
-3333.02473571433
-3325.20319168989
-3326.77618875085
-3326.24525405571
-3325.78255020047
-3323.13330302859
-3328.92410625482
-3328.78501500211
-3326.46977659566
-3326.3992170739
-3326.09488581928
-3322.55510257905
-3324.65990201867
-3327.04554502735
-3322.19175870462
-3319.13476007961
-3321.84600128814
-3322.4321952036
-3325.06843053085
-3321.2066272987
-3320.37850092499
-3321.7805396171
-3323.00866002319
-3322.17910924049
-3324.29609263093
-3319.95387184063
-3319.56162287
-3320.2326453851
-3323.04530373231
-3321.37988836008
-3322.81454874653
-3317.97311786984
-3321.21931644682
-3321.24569539153
-3325.00525458138
-3321.1222197898
-3325.14641251131
-3326.67039619025
-3330.26359600469
-3326.21636257349
-3326.30841296251
-3326.11953829063
-3322.78867281945
-3324.00023405424
-3323.60563953381
-3324.17323564569
-3325.61532683013
-3323.13768340776
-3322.07125773426
-3322.84229859138
-3319.64348628302
-3317.37316239019
-3322.89176367247
-3320.88199872115
-3319.12963957494
-3318.88108092552
-3321.26056436945
-3320.05316133635
-3323.22830624512
-3318.85021082081
-3317.78099932707
-3322.39507327698
-3318.1684380004
-3322.30008157124
-3321.46149205859
-3324.91804328907
-3321.10392308074
-3322.3366280217
-3320.46600933704
-3321.7091013824
-3321.09339288084
-3319.15965764044
-3318.84136709347
-3316.81520888934
-3315.7643845777
-3321.63481583855
-3317.93176039686
-3319.10356070268
-3319.57585462477
-3317.54084523697
-3317.65639774809
-3321.31208131485
-3318.12169875898
-3319.02846733546
-3322.74401519142
-3320.67876887151
-3318.68753899652
-3319.93749218027
-3321.2567983706
-3321.07068960212
-3319.02041303817
-3316.54081188551
-3323.72969458068
-3320.07299346546
-3315.65175195802
-3321.50695684816
-3316.1738276285
-3318.27980350608
-3320.01641855167
-3321.49625709835
-3317.15570365761
-3322.83566379622
-3319.51864910223
-3318.99602906627
-3318.20715780809
-3319.83344496189
-3316.00443929677
-3316.15975965635
-3320.87631230534
-3322.61748695886
-3316.94890546427
-3317.14987477564
-3316.57649099414
-3318.02199976427
-3317.96950875736
-3313.86290379954
-3315.84393152569
-3321.6925021761
-3319.76295369422
-3317.27972858201
-3319.74845107088
-3316.14214037483
-3313.61515953132
-3316.08475984745
-3315.42203349832
-3315.08816371781
-3313.50436921514
-3313.63443897242
-3315.72117987442
-3316.45532077502
-3317.70025594391
-3315.02437082386
-3318.0687080762
-3316.96128703075
-3312.27177954762
-3317.93022958939
-3314.92763985009
-3314.18132643041
-3314.4051463528
-3315.94471289303
-3314.78593033048
-3313.33962671571
-3314.58786558861
-3315.33582750442
-3317.80796702036
-3315.26770440736
-3314.41825503292
-3317.76713431442
-3316.27336531887
-3318.57365199575
-3318.6467255877
-3317.60644187403
-3318.88052719891
-3320.5062787563
-3316.3541526223
-3319.43468850237
-3317.03341183352
-3316.0028362423
-3317.68324080916
-3316.53905992658
-3315.50010852253
-3321.00622730153
-3323.65034428252
-3319.46959329444
-3315.87088608759
-3318.36286937863
-3315.31609379342
-3318.82810422181
-3318.33696314188
-3317.28671471576
-3316.73291537414
-3320.85338038134
-3318.35287126701
-3317.04336118883
-3315.07011362559
-3320.44630213665
-3317.46462016618
-3314.56593087398
-3313.45703305829
-3317.28744121623
-3321.60956840186
-3314.18473775795
-3317.799102045
-3319.25796423067
-3319.55017858567
-3317.69545519184
-3317.09716855248
-3316.57143179157
-3315.93125672496
-3317.40760318453
-3319.47013946014
-3318.42566223372
-3318.91645853842
-3322.73810186688
-3318.73565378028
-3317.60702485933
-3321.28944835559
-3318.37348409682
-3314.89487468324
-3313.045548169
-3314.94609516213
-3310.94990812786
-3314.81022062818
-3315.45423104488
-3312.95321554246
-3319.15165219836
-3315.93309480943
-3318.7260044737
-3314.32043847885
-3313.92182225203
-3313.94520245409
-3314.47479401139
-3316.59359342241
-3317.56534786348
-3318.98783278278
-3311.63743874777
-3319.68099751819
-3314.49366313887
-3318.5849911957
-3316.95401419855
-3319.6572853782
-3312.04467939351
-3313.36477794703
-3315.79120634845
-3311.28294651741
-3316.31169168696
-3312.76758418066
-3310.62155282078
-3317.15786816213
-3313.41011009333
-3311.84698652282
-3311.28571029513
-3311.61116808907
-3312.98660568159
-3313.36011373547
-3312.37554069902
-3311.85482603038
-3315.09947718552
-3315.87874365938
-3318.28658951191
-3312.84916612705
-3313.56001891759
-3318.07482089857
-3313.56452376857
-3312.44896691602
-3313.92546045885
-3313.92546045885
-3315.27482222504
-3315.09958742716
-3320.89332768057
-3313.1020650982
-3317.93127470035
-3314.02079507042
-3314.14500645385
-3316.19635431913
-3316.48296732262
-3317.09411651947
-3312.73182415053
-3313.4297195057
-3318.33528623576
-3318.09808015538
-3316.03598668454
-3318.54241043455
-3313.34472289142
-3317.04356402012
-3310.52894679829
-3312.71901136652
-3313.58220881356
-3313.14131797058
-3312.66100693837
-3315.03788790025
-3314.53072514453
-3314.11926401398
-3311.90711264143
-3312.20632155564
-3314.93700937644
-3313.18108059176
-3315.24617414624
-3315.36821584217
-3315.70524490141
-3313.75850974204
-3313.2249901111
-3311.37150686894
-3316.51014712694
-3314.6910079682
-3316.5964963108
-3316.97793662767
-3313.95002466731
-3313.44099675088
-3315.35677207646
-3318.497730912
-3316.08276006535
-3315.18222319387
-3315.21677733447
-3319.01373419664
-3318.07798499995
-3317.3636909718
-3316.53346458301
-3317.21087393186
-3315.50471370547
-3314.70851292018
-3319.8749846961
-3315.68936718178
-3319.16346244826
-3324.73393093713
-3316.40759499858
-3320.32649443122
-3314.78304631152
-3315.31467370104
-3318.84198830653
-3314.59776423697
-3317.4533408637
-3320.66998032786
-3320.31083838056
-3320.76645368516
-3315.55776429479
-3316.34404288583
-3315.32282415586
-3316.94542903195
-3317.60736411929
-3318.66829214674
-3320.10893489953
-3320.15509764011
-3319.34894464147
-3317.14022308683
-3314.80580261384
-3316.44592147612
-3315.91916470427
-3314.9490144172
-3318.61945679381
-3314.71747381113
-3316.21775379539
-3317.78758176406
-3319.10152205705
-3318.56028454184
-3316.96626453028
-3319.71601623853
-3317.70080582385
-3315.14548657368
-3317.79793573283
-3316.88730537555
-3317.45777130218
-3314.10592402719
-3316.18227601244
-3316.9488693088
-3323.004847563
-3319.25510461623
-3319.24389989113
-3319.47304701366
-3322.12660861564
-3318.60076596341
-3319.94547531475
-3324.90743866869
-3320.5558088397
-3318.60733060289
-3322.42499461957
-3315.77465264337
-3316.01315176663
-3319.47245440223
-3319.51606390418
-3319.67365763056
-3319.62523912043
-3318.66846861305
-3314.26628546317
-3316.35227578645
-3318.50881791219
-3321.05619567309
-3320.02755421045
-3320.73739548268
-3320.60018683905
-3327.09786445888
-3319.73976375733
-3319.76081939956
-3313.95016611044
-3318.24203884179
-3318.31270925431
-3315.11777771396
-3313.48702060745
-3319.19470057499
-3316.83266461168
-3315.02027128621
-3317.75332034324
-3316.84447512521
-3319.83264736196
-3316.40402167944
-3317.35161458243
-3317.15060633317
-3319.5013506647
-3317.56075798686
-3320.64227378983
-3313.81101868757
-3318.2420688245
-3315.93226374475
-3319.29044395172
-3314.72637904317
-3314.43045546808
-3315.14551053146
-3318.6716716665
-3318.69130403526
-3315.40935081416
-3314.41607744479
-3312.13271877406
-3317.15911323823
-3318.69653293404
-3317.2298596414
-3314.67765981604
-3315.06426772777
-3313.34071292077
-3312.90135437771
-3317.23631669037
-3314.01100905521
-3313.67450898888
-3314.57860446949
-3319.05057144615
-3315.7188596489
-3313.584153254
-3312.72690584931
-3314.62431158393
-3316.22802697583
-3313.57456360704
-3314.6172205472
-3315.21531598228
-3312.10714507506
-3313.34356393909
-3313.96468101617
-3318.65755352398
-3317.63342105247
-3316.89224672643
-3318.40388263452
-3314.61272049809
-3315.06600269857
-3318.78595991088
-3318.15920064033
-3316.03929874802
-3318.64157906322
-3315.03554091907
-3317.88083699164
-3323.24802355584
-3319.33807836812
-3317.7588259801
-3315.63290931126
-3319.93408742397
-3318.08881987789
-3315.33591776409
-3319.03916295952
-3321.22923860958
-3320.67286660034
-3318.29558350716
-3316.2300079705
-3316.03901150292
-3316.0502271911
-3318.61686651929
-3315.92032706494
-3318.43801189672
-3316.43666765201
-3315.95291222915
-3316.87935125404
-3314.39066150581
-3317.34686259078
-3319.25477312327
-3319.46207647357
-3317.25807945243
-3315.87038386651
-3317.39610594494
-3314.14662640059
-3313.6274843919
-3316.00936461223
-3315.49306719824
-3312.02026961134
-3318.75069903882
-3320.30239263197
-3315.65341830967
-3310.17341243651
-3314.34058029168
-3315.69736793036
-3317.11082410697
-3316.7291766719
-3323.34685793446
-3322.21616920506
-3320.14762790249
-3320.72847344036
-3318.36129441039
-3321.05976523217
-3323.8565315097
-3319.35674886436
-3317.59612071705
-3317.8270227597
-3316.63830362009
-3317.76511108968
-3315.98445467251
-3313.91236306893
-3317.11489646381
-3315.4823463841
-3315.04605165152
-3319.10807897578
-3320.12164542835
-3319.99685015247
-3319.24341380058
-3313.25369778812
-3312.18903315206
-3319.72635114351
-3317.58288004496
-3316.49480072483
-3316.97898313888
-3314.84373308449
-3315.3036222386
-3315.25602812476
-3312.37348210902
-3315.36449030463
-3316.41752036534
-3315.72313587263
-3313.30937035615
-3315.19961354413
-3314.112950748
-3314.55980049946
-3314.08976008694
-3310.92472290049
-3312.43987281148
-3316.9086360882
-3312.79167961476
-3312.73136908911
-3313.38882179362
-3319.62633988399
-3311.88536680664
-3316.03782645225
-3313.33763497363
-3313.8521884944
-3315.28387151173
-3315.37451592453
-3318.29834062975
-3312.27394360348
-3312.99686979688
-3315.78331102301
-3311.75436790198
-3316.17370821354
-3317.4406438684
-3321.12387000481
-3320.06081273145
-3313.62429822235
-3316.10443478135
-3319.17283443072
-3320.49090029981
-3317.2095086493
-3320.43259272198
-3315.99994371372
-3316.04006073274
-3314.92179062027
-3315.67527121068
-3319.27918686737
-3314.66319969945
-3311.80682618304
-3316.87614676973
-3315.08837948795
-3314.78345698858
-3315.25451338666
-3316.21452809053
-3315.63549301855
-3319.64201356033
-3312.64855287832
-3316.12084632659
-3313.62661361275
-3310.76514674356
-3314.82356194376
-3313.43213503688
-3315.09960709019
-3319.00345436005
-3321.23739374892
-3317.53594044306
-3314.34939304999
-3315.90016308318
-3313.69461916145
-3316.93146677808
-3312.50335129181
-3314.71207793717
-3317.19482313209
-3319.32289992096
-3319.62601842676
-3315.72738982695
-3311.33307252324
-3309.85862264402
-3314.34529929624
-3314.11570133039
-3310.91518736735
-3312.64213655408
-3315.26077833977
-3317.0394705038
-3315.98452376887
-3314.21223135868
-3314.89071075844
-3314.80977463653
-3319.67470268835
-3315.03882636837
-3321.76828673305
-3321.56807642321
-3321.99418151786
-3316.33753418417
-3313.75588290437
-3313.4857031147
-3312.13965228532
-3309.92063622654
-3310.93969584273
-3313.12483786206
-3312.52615338221
-3311.51856139099
-3314.18315443751
-3313.63447463188
-3311.8687053124
-3323.30771638472
-3317.68638422766
-3310.68654596563
-3311.98603051266
-3311.06963923298
-3312.92651612163
-3310.82881967048
-3312.64964129327
-3311.53407755623
-3312.14151751939
-3311.90714074155
-3309.72070350007
-3310.84142561231
-3317.01444298867
-3316.90858164039
-3314.47342920904
-3312.60042717893
-3313.90880373034
-3316.51523988938
-3317.29834973826
-3311.64952385944
-3318.49466643487
-3314.35807191914
-3313.12346230015
-3315.97900962493
-3315.31053824272
-3314.3000414927
-3313.29791090746
-3318.19753360624
-3314.06167504189
-3313.50489638707
-3315.84792589174
-3317.08582220272
-3316.95507932053
-3322.58905099775
-3314.33446783278
-3313.18475286576
-3314.29083391338
-3321.30392478144
-3318.46984976822
-3318.41412342451
-3317.28228282877
-3313.79344707447
-3316.443108339
-3317.13106227656
-3316.08684725751
-3314.82072431558
-3313.23472890622
-3316.60964252419
-3318.20048313702
-3322.51154490982
-3319.4091164096
-3326.84525673728
-3319.20281039161
-3317.31525874962
-3318.52004592537
-3316.57120823134
-3314.94664128557
-3315.95377463714
-3314.29865955338
-3317.4162396584
-3322.10748541194
-3313.26813963165
-3315.2839616366
-3317.2848451212
-3313.53747548485
-3311.43670068672
-3314.73409186795
-3311.37121370686
-3313.4469776112
-3312.25055244296
-3312.01282788073
-3315.46072914254
-3312.36907679352
-3313.21140470292
-3314.02051741498
-3310.31291115703
-3314.3080105605
-3314.03217636869
-3311.91955053909
-3315.88831880802
-3316.73468023271
-3315.31625996498
-3313.18822012981
-3316.79827456196
-3321.68636730294
-3318.55859036744
-3323.12506371492
-3317.12396220133
-3320.17466537614
-3318.74130218784
-3315.74044831306
-3321.32304397986
-3318.91453609617
-3323.04419851257
-3318.38100336492
-3314.97452164478
-3315.74335205677
-3315.33739843203
-3317.22245190114
-3319.89467727099
-3320.08991368596
-3320.19253725989
-3322.0201515096
-3317.16793476396
-3321.00610330066
-3319.29092319873
-3318.75495179842
-3314.97345063069
-3316.31165897557
-3318.52019177497
-3314.07407139072
-3313.42962114584
-3314.57284858046
-3319.18937789359
-3319.64062796359
-3315.99519327646
-3321.91600406072
-3312.21718289815
-3313.83489263819
-3317.00025867101
-3314.57702597424
-3320.68225303872
-3317.61422443857
-3318.01013247066
-3321.09571541649
-3321.50777695267
-3319.58144996684
-3315.75219513155
-3320.49066738479
-3319.69557306813
-3318.65943677823
-3313.96864088689
-3320.30876815893
-3319.67788288913
-3316.50715860204
-3315.11984794698
-3314.12536274633
-3320.26903467766
-3321.50453702245
-3318.44123261911
-3318.36968931271
-3317.73509612265
-3323.51164485686
-3323.00797788436
-3317.87138464352
-3322.7202204944
-3321.43452083408
-3319.28940387837
-3319.30251316024
-3319.94277106432
-3319.10676792977
-3323.59818550587
-3316.94865033018
-3320.13329913948
-3323.45097309267
-3322.18136366439
-3321.8159832493
-3317.41468576004
-3317.88258569927
-3316.99260199093
-3316.00825054285
-3321.30275890155
-3319.80331638014
-3319.78271525176
-3325.57380972864
-3319.59635376062
-3321.36915303704
-3316.55594477251
-3321.6437839646
-3315.4943758777
-3315.43550179818
-3316.36456852138
-3315.09355059443
-3317.26115047923
-3316.85566147155
-3319.20924406213
-3319.19208695439
-3319.62785387741
-3318.91469643338
-3319.14614431296
-3315.41669607648
-3324.69865112112
-3324.43359618602
-3318.20444314763
-3312.62503415125
-3314.67975282724
-3317.03419116172
-3314.17396243362
-3314.07257599823
-3312.25023549258
-3314.68351199447
-3315.69350978411
-3316.61979668637
-3316.61467686254
-3316.41202531799
-3316.54797997423
-3319.08237510276
-3316.25681038866
-3317.55250453803
-3317.23610079597
-3316.69069239489
-3313.71823625662
-3312.79200427165
-3312.29651407695
-3314.44125135923
-3312.45640453693
-3320.42392099646
-3316.6622996815
-3315.62342919943
-3311.87592397028
-3311.77490435157
-3314.99252452641
-3312.75284952096
-3310.20303629451
-3311.68076737
-3316.32448251042
-3310.30351685658
-3312.46760961624
-3315.74149964497
-3313.38779587734
-3313.11629244671
-3314.60759291838
-3314.26742811174
-3316.41010589132
-3311.04641625125
-3313.68515735555
-3313.44563475332
-3310.19781637092
-3314.76240924284
-3313.62924996955
-3311.18093272548
-3310.98266805817
-3313.63548735875
-3314.87522288564
-3314.78855145991
-3311.27092857918
-3314.11617744594
-3324.77063590014
-3311.76189031156
-3315.11095276599
-3315.8020620764
-3312.20614804445
-3311.00963107214
-3309.47508143375
-3311.32118351347
-3312.11180052736
-3317.00195564718
-3316.37370991859
-3315.51806300018
-3313.74186589737
-3307.39529807563
-3310.40623243032
-3313.64147423592
-3313.90858484553
-3315.02748811577
-3312.08723218655
-3318.07699897588
-3315.5004246751
-3310.68045205382
-3312.91996106167
-3314.1475356841
-3311.4130267484
-3312.71912773674
-3310.81363894869
-3309.26077631242
-3311.50178502212
-3310.52579432414
-3310.86260578129
-3316.31282026814
-3313.08615535048
-3314.33730735624
-3319.37513059033
-3324.96022755937
-3319.46507005891
-3311.1969445064
-3311.06267345902
-3308.84683545416
-3310.21463490599
-3314.66457183482
-3315.06960435144
-3309.85034396333
-3310.23934674333
-3308.58229588466
-3312.62140682459
-3312.98215128978
-3307.4788639035
-3309.5757817181
-3309.8318587256
-3308.40967518622
-3309.697141004
-3308.74707705993
-3308.99278839719
-3310.61818874087
-3312.96370990724
-3312.53252194958
-3316.19401726527
-3309.04371554761
-3307.13959317121
-3313.88331501737
-3312.78736871191
-3309.59624706522
-3312.01802691816
-3315.17849795079
-3315.74144937737
-3311.91969726305
-3306.20701680492
-3313.83731112205
-3315.32674949265
-3313.43615903636
-3315.88566588635
-3310.94029629878
-3310.63558060443
-3312.86900846609
-3314.0819748038
-3309.77002427007
-3308.09882850757
-3309.98889483381
-3308.84683956125
-3310.0647767191
-3309.58157582404
-3308.87217783081
-3310.03333951187
-3308.27907281965
-3308.81304139684
-3311.14097774063
-3305.8179500726
-3307.06504627891
-3308.7698611336
-3311.62617607574
-3315.38381816861
-3311.48341230816
-3313.63095412262
-3312.79054338466
-3311.94287580491
-3316.59509848827
-3313.97577927091
-3315.36796671445
-3316.33939512739
-3317.99762793728
-3312.44167894585
-3311.41551322345
-3317.56376612901
-3309.76211027975
-3318.381413446
-3309.23571909704
-3312.64313609195
-3316.39878871903
-3313.10900530138
-3315.19047912182
-3317.75702257033
-3323.27790258944
-3313.1691736281
-3313.59335292223
-3314.84423532457
-3318.37107947222
-3319.3151440517
-3316.50701157444
-3315.87383544183
-3312.50225924039
-3309.84453135088
-3308.85761749485
-3311.70800187976
-3314.84506696741
-3313.49443113409
-3309.90320724079
-3308.15834732578
-3308.39015023887
-3308.29884147749
-3309.97215762979
-3305.01828701212
-3307.30268089758
-3317.60263961711
-3305.59034064685
-3306.96722742548
-3305.57282349332
-3308.21588896592
-3311.41387198384
-3308.59453226664
-3313.80296906364
-3317.62219351633
-3309.12198615567
-3310.1261068565
-3308.85800352241
-3308.15862157911
-3311.4307588679
-3309.28230109787
-3313.09114829407
-3314.37389296403
-3309.65094453961
-3311.59020153263
-3314.08300233331
-3313.51261339676
-3311.8970011211
-3313.45917371396
-3313.58406103709
-3318.42614337895
-3316.89457570329
-3318.73285745276
-3314.47169011312
-3316.03007069441
-3317.97744459348
-3314.01467920774
-3318.21798637033
-3318.85288490999
-3318.40752595058
-3317.37668787652
-3315.35841566479
-3315.30536285545
-3316.14755636713
-3319.96724402094
-3317.25564706427
-3317.61411830717
-3316.47557734522
-3317.45819462042
-3313.53973896056
-3317.89927964476
-3318.09901306699
-3318.41667467561
-3312.81793535384
-3316.28911987345
-3319.25122019664
-3309.96831624923
-3309.77908004722
-3310.38010659093
-3315.14297308208
-3317.05690248764
-3312.48855147371
-3313.41422696359
-3317.78717621155
-3314.31731537256
-3314.78974585219
-3319.77414248027
-3321.50053023607
-3312.34053652149
-3313.05451638114
-3317.77112786719
-3322.56760174645
-3316.06982919976
-3316.20918842703
-3315.97353875974
-3317.54470164188
-3315.98803722478
-3311.72507632687
-3309.09551787954
-3309.63743961393
-3311.94137864042
-3323.16212174678
-3317.18719710272
-3315.70132056059
-3317.36340661961
-3313.85070754868
-3313.28174955217
-3312.7494323804
-3317.83361580729
-3312.97719248641
-3312.72729030715
-3311.71177709335
-3315.24141594701
-3317.83279280892
-3311.72494974842
-3315.30974126986
-3318.59392629642
-3313.67397073806
-3312.63214476145
-3315.55637518026
-3309.16956220269
-3309.03945553041
-3315.29840325408
-3309.28799546001
-3310.58528896827
-3306.78597371725
-3307.64381105821
-3311.38263242536
-3309.11646883449
-3311.6852121479
-3310.38793220705
-3307.72873111539
-3315.21618956019
-3316.27864467232
-3313.30732608423
-3309.36104089764
-3309.16244477426
-3310.83037479856
-3315.02530836775
-3319.35770130524
-3315.36718635048
-3315.89940309134
-3319.08282553763
-3319.55375258111
-3313.55353777502
-3315.52366092663
