"var1"
-3565.52655479489
-3565.52655479489
-3565.31883906558
-3565.28996925701
-3565.28996925701
-3565.28996925701
-3565.28996925701
-3565.28996925701
-3566.39100264052
-3567.23745374314
-3569.02793732097
-3566.1518262034
-3566.46861483699
-3569.38678104242
-3570.45937617241
-3567.85855663986
-3566.61257105277
-3566.80026919141
-3565.31329198598
-3564.65476720278
-3564.90123902944
-3563.81632574007
-3563.0480491281
-3565.33193034306
-3565.33193034306
-3567.72187224136
-3567.94842902325
-3566.48570030902
-3565.45832099335
-3564.5483392448
-3564.5483392448
-3562.59577257612
-3562.81904542549
-3564.44903778546
-3564.44903778546
-3563.44582082109
-3563.42642457897
-3563.31603277107
-3563.31603277107
-3563.14612757492
-3563.14612757492
-3562.7814618141
-3576.12888896231
-3564.35929714054
-3564.35929714054
-3563.69860434895
-3563.27687572763
-3563.82763339587
-3563.82763339587
-3563.82763339587
-3563.82763339587
-3563.34644712834
-3563.23990848699
-3565.50830756084
-3564.16340959069
-3565.14084007498
-3565.21115347437
-3563.71696644072
-3563.71696644072
-3563.71696644072
-3563.28520087164
-3563.48603655929
-3565.41758211929
-3566.73891631648
-3566.04506731053
-3565.35466277685
-3567.70400968032
-3567.70400968032
-3566.22838972873
-3565.44588752772
-3565.44588752772
-3577.01115598197
-3564.8953377594
-3565.49790969115
-3565.49790969115
-3565.49790969115
-3565.49790969115
-3564.92387858031
-3565.139118614
-3565.139118614
-3565.51740256543
-3565.09267632269
-3568.51828792361
-3564.88567500011
-3567.28168857952
-3566.93339076468
-3566.1503775727
-3565.68886840561
-3567.20625346163
-3567.20625346163
-3567.20625346163
-3567.61686033396
-3565.05361286831
-3564.30953048918
-3563.50223371661
-3564.52449767705
-3563.41146578853
-3563.99464768648
-3565.12258452062
-3562.99191842637
-3565.33426461205
-3567.19685802182
-3565.38984253173
-3565.22343120798
-3563.77402849525
-3564.38576513532
-3565.17974437073
-3564.35554228682
-3564.85468532063
-3563.30118343462
-3563.20519202976
-3563.56637541084
-3565.36975403832
-3565.78346697133
-3565.93771294254
-3563.68749268489
-3562.92803582738
-3563.56828925355
-3565.95233334005
-3565.61765808734
-3565.88846339294
-3566.78957793397
-3573.0270019898
-3572.18607519946
-3568.0558840463
-3568.86170816068
-3568.17768713595
-3566.67231542633
-3566.67231542633
-3563.89634182375
-3566.84274546634
-3567.30544667912
-3567.30544667912
-3567.30544667912
-3567.68709469836
-3567.09605192832
-3565.20832462319
-3565.33056927421
-3565.70152693779
-3563.72833467414
-3564.92568249728
-3563.72458496566
-3563.75997374396
-3565.15675895828
-3562.88469001109
-3563.74419871961
-3565.01518960105
-3563.93942832247
-3563.37411088548
-3563.13453257612
-3563.13453257612
-3564.79068067455
-3564.84485952368
-3563.03169904814
-3562.5462515206
-3563.54351574762
-3568.78698996603
-3563.98685769628
-3564.58467416702
-3562.69084076134
-3562.7498727703
-3562.97208398033
-3572.23601355551
-3564.83521870922
-3565.73033986703
-3564.97972049676
-3572.10092908578
-3566.13543844283
-3566.13543844283
-3570.46483168326
-3566.80056386125
-3566.80056386125
-3564.53006371217
-3564.45794456728
-3570.50112085109
-3569.49144480981
-3568.98109345772
-3565.98874052393
-3572.27653523125
-3566.6448593002
-3566.69761551382
-3569.0007919446
-3569.0007919446
-3569.62912372283
-3571.59001067179
-3569.19787354011
-3568.60173543047
-3568.73556987476
-3566.12637943632
-3566.25983433113
-3565.36386030897
-3564.07488135012
-3564.07488135012
-3566.47482139684
-3566.28079021111
-3566.28079021111
-3566.33392296383
-3565.37539640622
-3565.7056961368
-3564.84550202727
-3565.84463492731
-3565.76986391207
-3563.1167676794
-3564.24162652671
-3563.99587271942
-3563.82338781907
-3563.7997046033
-3563.44792681821
-3563.27569395827
-3561.42117828085
-3562.97061390279
-3563.27530728715
-3563.27530728715
-3564.99747524507
-3565.04677592051
-3565.71427518108
-3564.61396057851
-3565.21356525535
-3564.42045148952
-3564.94533967804
-3564.26569490844
-3564.82491668176
-3567.43671872099
-3567.24323963406
-3567.08368656696
-3565.66380917894
-3566.35913628427
-3566.35913628427
-3566.62487374164
-3565.38729818143
-3566.31519038625
-3566.02887207547
-3564.32590120394
-3566.1985646416
-3566.05521179215
-3566.49315389358
-3566.49315389358
-3566.10331165567
-3573.42138801056
-3566.43543975068
-3569.57710051373
-3571.14875583115
-3570.12438294124
-3569.04110360994
-3570.35226172168
-3576.60440457989
-3570.40133792462
-3569.62033707838
-3571.84861248117
-3573.48158192084
-3573.66677912472
-3571.53677607353
-3572.42158699984
-3568.05120722295
-3568.67045752143
-3567.34289511822
-3568.03275056356
-3575.81474478508
-3569.64851038439
-3569.67131991841
-3574.49232408063
-3571.10772353637
-3571.91610990201
-3569.91665929629
-3570.3063795688
-3571.56620856441
-3572.39170597635
-3574.19942537265
-3571.4632269303
-3574.36315291965
-3571.66835907135
-3573.01964774674
-3570.9385036114
-3569.58829251725
-3568.45727457801
-3568.02530756977
-3568.02530756977
-3568.02530756977
-3569.1620252687
-3568.45920711227
-3569.66274738609
-3569.89613427897
-3570.05714209019
-3568.49508322069
-3568.78269325689
-3569.98187154933
-3574.62438764414
-3572.85580877691
-3572.37565581908
-3571.00845049065
-3571.92910727065
-3573.55653809508
-3573.19166560583
-3569.66062166858
-3567.59460691402
-3566.7821754043
-3566.7821754043
-3571.285424622
-3570.89376082139
-3570.01004739026
-3568.71896376866
-3568.81833622204
-3568.33507906697
-3567.28072202716
-3569.10810469038
-3567.4182627641
-3566.23913180104
-3568.11348042235
-3568.61416269651
-3567.49291907432
-3568.30198896608
-3565.5361306607
-3564.83904326452
-3565.23140948972
-3566.21575389447
-3566.19921858269
-3564.35433725054
-3564.60421718626
-3564.3061561691
-3565.72391787268
-3565.4039375246
-3566.63200059352
-3566.92956916023
-3567.96502740257
-3574.10661523848
-3567.99598612178
-3569.71586584859
-3575.59774409005
-3569.08982445393
-3573.53800753245
-3574.80586191923
-3571.42499494812
-3570.62538694895
-3566.69204666988
-3568.38845856904
-3567.38030513542
-3567.13691004426
-3567.06123866406
-3567.31286799534
-3568.11833225836
-3566.9087719281
-3569.40108349788
-3568.3635990257
-3570.68375675409
-3568.57092538519
-3568.57544558286
-3569.82507623693
-3569.69724672243
-3570.82941493596
-3571.14078989654
-3571.59298875837
-3571.09908671559
-3570.09392395867
-3568.69260351922
-3573.27735122597
-3569.60181116935
-3568.02789757588
-3568.78381191684
-3566.06595289923
-3566.54601418784
-3565.12156565078
-3566.21394579764
-3565.82056070126
-3565.56126098747
-3567.81573808625
-3566.80210009875
-3567.14999925069
-3566.07819421699
-3566.42876878352
-3567.78217486425
-3577.7234849626
-3570.59202745078
-3568.10780772329
-3572.63614927867
-3568.54169610228
-3568.59166615038
-3567.73475325434
-3569.75819237734
-3568.51397034248
-3566.25293160543
-3565.20147110707
-3566.16534409358
-3565.97841549078
-3568.62535815986
-3569.60877985093
-3567.38153995896
-3567.48143890092
-3569.55789854004
-3571.34444841396
-3569.46147504544
-3570.3411426682
-3573.31843862721
-3572.40588149891
-3570.65972785871
-3570.95841482404
-3571.06429524313
-3573.44730361489
-3570.59201119578
-3570.59201119578
-3571.68382827104
-3569.8386961256
-3573.70748830523
-3569.86005088348
-3569.86005088348
-3570.49890978348
-3571.33041743663
-3571.33041743663
-3571.33041743663
-3570.54636570766
-3570.11202113402
-3569.86153266356
-3572.62293202364
-3571.00264674882
-3571.17496812513
-3572.79210725612
-3571.7235948022
-3571.04026394266
-3571.13055763613
-3571.56060685812
-3568.06261673115
-3569.14938468669
-3569.01625806923
-3568.41435175707
-3566.04365754813
-3568.13194906223
-3572.09239628595
-3568.1110318573
-3569.51250023655
-3570.08484154066
-3567.32154968713
-3567.32154968713
-3566.991069157
-3566.246912588
-3567.10787943426
-3566.69946928889
-3565.70327698116
-3568.55346498388
-3569.17975197684
-3569.02936492834
-3566.70436969489
-3566.39714217887
-3566.3561637281
-3564.94050150381
-3565.63214613506
-3565.58333295589
-3565.63927130996
-3566.38874378185
-3566.51709208594
-3568.59618885986
-3567.58023280639
-3571.07202919808
-3569.6295284103
-3569.02868211371
-3566.58675133412
-3567.76989381613
-3567.69160953093
-3568.99901510562
-3570.08384668343
-3570.57985922171
-3570.57985922171
-3570.823534385
-3571.0570949657
-3570.32728442562
-3574.40574191076
-3569.34999924042
-3569.76596154702
-3569.76596154702
-3569.76596154702
-3568.90081756221
-3567.92948618715
-3570.20633999193
-3569.2841382314
-3571.6656985985
-3569.47637713785
-3567.94303327857
-3569.63177730661
-3569.5630763026
-3570.312624946
-3579.22104223986
-3570.88121833456
-3571.66560835805
-3573.60660276639
-3578.22803579606
-3573.27674380162
-3573.27674380162
-3573.37711439328
-3573.54272499788
-3576.86194355641
-3572.29649674191
-3572.3094677295
-3572.4917702623
-3575.2987916118
-3573.94569245437
-3578.03063376268
-3575.18078451355
-3573.50700733455
-3571.93297143641
-3572.66882593554
-3572.66882593554
-3579.41085069323
-3569.35794871373
-3569.71084677009
-3568.82693606384
-3574.06105608724
-3568.82693606384
-3567.80572664297
-3572.81310080746
-3574.7083770281
-3567.9395304404
-3570.38965175345
-3570.19470727214
-3568.61053385507
-3569.02702232869
-3568.22744411816
-3571.87566755185
-3567.96200952801
-3568.67850152027
-3570.85472914516
-3569.44503729893
-3569.36769550416
-3568.97038555976
-3567.59326016197
-3568.35327835803
-3567.08965277845
-3571.55502573978
-3569.55589957211
-3570.29853984573
-3570.48467532061
-3571.94187172268
-3569.94624952468
-3569.77563729409
-3569.57816197047
-3575.58699838571
-3570.0960276358
-3570.54947130849
-3569.83381015551
-3570.00693595958
-3571.05425253226
-3571.05425253226
-3572.26782380102
-3573.57880067428
-3572.53948592555
-3572.56373352235
-3574.81681679519
-3576.8951357097
-3578.62044061578
-3576.68405487336
-3574.85641472657
-3573.48021293286
-3572.76586672861
-3581.54209005382
-3570.55165086588
-3570.41044844875
-3570.41044844875
-3571.35876773685
-3570.50647043445
-3570.81073199944
-3570.88444453105
-3570.21482929856
-3575.85300946769
-3569.83617318715
-3569.50276221929
-3569.90746508815
-3571.03401400666
-3569.53528373415
-3569.43483147316
-3570.13146564036
-3571.37736359022
-3570.89058563238
-3570.1112763508
-3570.55341426094
-3573.77150853768
-3569.00856923482
-3568.03425271823
-3572.90990137718
-3569.45048739053
-3572.18762304519
-3575.37431571377
-3571.37637236456
-3568.73143937236
-3570.45059515474
-3567.32970872645
-3569.63318044307
-3566.89627609731
-3568.01629525017
-3568.08723629825
-3572.26065306087
-3566.79921376035
-3568.55045706996
-3570.11185939161
-3567.30304474862
-3567.19251578801
-3569.91388264842
-3565.36111751079
-3565.8848570841
-3564.52464453375
-3564.69006870635
-3564.70771465035
-3565.63128905397
-3565.3650720915
-3564.84486181867
-3567.15862751413
-3564.28895512167
-3562.920934585
-3564.34782446974
-3570.09584409653
-3565.40819481818
-3565.70300680081
-3566.67764137779
-3571.57032298309
-3572.19208252115
-3573.40706741166
-3569.02790152631
-3566.2663819928
-3564.52358621368
-3564.55626602875
-3565.12198990155
-3564.6111394244
-3567.2294241084
-3570.85886259572
-3569.20321123477
-3568.5079013972
-3569.1544609546
-3569.63297274627
-3573.40883311874
-3569.1869021069
-3574.56169558345
-3568.77960451087
-3568.34137085991
-3569.18173980778
-3569.28708950018
-3568.91838881023
-3570.42930637333
-3570.63814953081
-3568.15987621166
-3566.99943742584
-3566.85525625682
-3567.48151514587
-3566.97562742901
-3566.78308708221
-3565.93861541659
-3567.85064738252
-3569.87629547867
-3569.87773174014
-3569.97262263197
-3571.57908693693
-3570.85450255581
-3570.62843815903
-3570.62843815903
-3572.03849874174
-3569.77041172605
-3569.01309699278
-3568.6720516521
-3568.2769028822
-3566.1582993074
-3566.1582993074
-3567.97205825355
-3569.6805628433
-3570.20121070159
-3567.91102082398
-3566.98785986882
-3569.02443095614
-3568.13045983923
-3566.38264834425
-3571.43806433116
-3567.21219541451
-3566.58664332783
-3568.06373748754
-3567.54282027017
-3567.54282027017
-3568.19060340565
-3567.13477542813
-3566.32090969176
-3566.05306925358
-3566.10055844926
-3566.10055844926
-3567.41320704214
-3570.38563774091
-3568.31860641465
-3570.66662002558
-3567.23548723677
-3569.37844588847
-3568.69978494619
-3568.69902981088
-3567.17863330839
-3567.75064145391
-3567.6725612343
-3569.83012955558
-3570.98155728565
-3570.34681234732
-3573.24982169214
-3571.95425780182
-3571.95425780182
-3573.30062159374
-3571.31432554911
-3571.8221007114
-3574.1932923605
-3572.44978100191
-3571.53293750538
-3569.43249213985
-3570.59193494971
-3571.82932888011
-3574.10194726071
-3571.00586050087
-3571.08333928662
-3569.08685647482
-3569.29003460148
-3569.09173017266
-3569.37538860554
-3569.75932096562
-3568.81771393501
-3569.57258704141
-3570.97192810126
-3571.4070729021
-3568.74924905528
-3566.94287196537
-3566.94287196537
-3566.94287196537
-3566.94287196537
-3567.27255543943
-3566.69275854505
-3566.74104445833
-3567.10762035046
-3569.11341168054
-3568.12967654898
-3569.77986205694
-3570.49281132548
-3569.15998841019
-3567.47554386394
-3570.45620025842
-3570.52303144993
-3570.2309598743
-3569.68327865213
-3569.68327865213
-3570.04984139596
-3572.49530641159
-3573.86749444908
-3571.55110453183
-3571.78907691247
-3570.71339040936
-3572.56411894353
-3572.90459861251
-3572.10703109578
-3572.10703109578
-3571.46469964311
-3575.38735834382
-3573.21513321543
-3568.54659559919
-3570.15216767953
-3569.29640946953
-3567.85249937472
-3566.50114122563
-3570.2405961918
-3570.10578268727
-3568.7116392664
-3570.59535501361
-3569.84961440026
-3570.28577789966
-3570.28577789966
-3571.13060014356
-3569.16861894094
-3569.16861894094
-3569.43614614847
-3570.44050185824
-3569.2186202208
-3569.11298006569
-3567.91166860578
-3567.91166860578
-3569.83004227163
-3569.97552556183
-3569.62846363109
-3570.80599881255
-3570.97387590875
-3569.56212056768
-3569.4933073965
-3572.62474097786
-3573.01622290245
-3569.48719118194
-3568.66451559633
-3579.26347611469
-3569.08641531576
-3566.63438220912
-3573.16507621511
-3568.24998606491
-3573.5270979545
-3579.26333400095
-3571.58831616867
-3578.83251692908
-3570.20672854599
-3571.03316342012
-3569.73752978267
-3572.33706630342
-3568.9204024806
-3566.1381032642
-3565.4819985533
-3566.58136741262
-3566.96429421104
-3567.4020226124
-3566.58225722678
-3565.61922662706
-3565.61922662706
-3569.28530797053
-3576.94815956328
-3567.48089503562
-3567.48089503562
-3564.84065669616
-3565.69222089814
-3569.65542375675
-3567.45893610332
-3568.10755568386
-3568.62062571574
-3569.04871958597
-3569.54254602865
-3569.12225019925
-3568.50050561726
-3568.89559985741
-3567.45774657885
-3569.37920206012
-3566.54799474721
-3566.79302392726
-3567.28854492285
-3567.28854492285
-3567.28854492285
-3566.77905832763
-3566.77905832763
-3566.77905832763
-3575.08604763007
-3566.62702491167
-3566.62702491167
-3566.62702491167
-3576.27693247386
-3566.62702491167
-3566.62702491167
-3566.62702491167
-3567.40512488516
-3575.23412186972
-3566.4405131543
-3567.24003164965
-3567.17518734371
-3567.60239937393
-3568.38675708461
-3568.38675708461
-3569.57114607104
-3569.46918662269
-3567.58665400929
-3567.63312042364
-3567.4073041334
-3569.78230195391
-3566.93757713552
-3566.93757713552
-3577.55728660895
-3577.7194646838
-3566.33768633849
-3565.41749951817
-3565.05669417204
-3565.05669417204
-3565.05669417204
-3565.05669417204
-3570.75383575627
-3569.42392838534
-3565.72621258209
-3566.09607542265
-3566.43346266644
-3566.55214564839
-3566.55214564839
-3566.55214564839
-3564.13320795853
-3564.13320795853
-3565.16976757533
-3565.16976757533
-3565.7812797949
-3565.7812797949
-3565.48186343501
-3572.32986781315
-3564.79850456617
-3565.92290397372
-3570.37376986841
-3571.10582953789
-3565.19117953724
-3565.19117953724
-3565.02639702649
-3563.74950033891
-3565.60717259211
-3565.20481656555
-3565.32779802135
-3565.58108762041
-3565.75695114703
-3566.04142192998
-3564.8077845946
-3565.68210949671
-3569.11753046784
-3568.50019586917
-3570.10401627335
-3564.73994303353
-3566.09289906034
-3568.877284516
-3568.09473541944
-3565.28940151205
-3565.28940151205
-3565.01429554109
-3564.93424258141
-3566.13826377105
-3567.49401781763
-3566.28008906931
-3572.37203468738
-3563.91745342184
-3566.0999246806
-3566.83993687498
-3569.38616715437
-3567.96925676844
-3571.88713332524
-3570.60100762507
-3568.26450746915
-3570.64184906787
-3572.15635988648
-3569.93294412085
-3566.60191570899
-3564.96559619258
-3565.74586436924
-3566.03278574039
-3564.82274977743
-3564.98118220059
-3570.05167949645
-3565.90251952234
-3569.67167013945
-3566.24142191173
-3563.77756298012
-3564.81273805607
-3567.55695018347
-3566.32162214693
-3563.95359741693
-3567.94862452997
-3564.94581899538
-3566.23136972533
-3564.96984206445
-3568.18732326861
-3565.22689611168
-3570.55870967414
-3568.57739550161
-3566.76863773216
-3566.00216449893
-3565.95526169356
-3566.6382784042
-3567.04943467319
-3568.77930191886
-3566.82092329434
-3568.48544935941
-3568.77950445274
-3566.57979647901
-3569.59814574145
-3569.59814574145
-3566.32287798935
-3566.74540508246
-3568.17731797799
-3567.17136971097
-3567.17136971097
-3565.43379226893
-3565.43379226893
-3570.31368430372
-3568.76608561441
-3569.39625945905
-3565.9894021561
-3563.53437001609
-3563.85059707884
-3564.84082112301
-3562.34830327302
-3564.20008787432
-3563.02725281493
-3564.2507356419
-3565.97265751118
-3569.22802420352
-3563.27334622718
-3569.03121683842
-3563.24748117803
-3565.09206737168
-3565.10850237538
-3562.37792219356
-3562.64473600348
-3563.50953490253
-3562.88622531381
-3562.30381173974
-3562.1329190112
-3565.26452212145
-3563.54449367562
-3561.82106694798
-3561.39684659223
-3562.02229781199
-3563.47452538069
-3562.15528789734
-3562.82787621151
-3563.14401984729
-3564.5567760413
-3563.55025491049
-3563.55025491049
-3562.88781487951
-3562.91726840799
-3562.91726840799
-3563.85447109294
-3564.1208595412
-3564.72384474759
-3566.38450280883
-3564.70594088794
-3567.28380269739
-3565.86022382665
-3568.97500210401
-3570.90801369087
-3567.43117572837
-3568.06796100611
-3568.974300786
-3570.00017534624
-3565.82680633713
-3567.0831577069
-3568.55863236514
-3566.80977613131
-3566.51234313363
-3566.81108988775
-3569.85852965508
-3566.20856258385
-3565.49065028861
-3565.8781959267
-3574.40398726872
-3565.47222918638
-3567.65276746449
-3567.13886304089
-3567.56012636497
-3564.68523732447
-3566.36673708491
-3567.17627342082
-3567.17627342082
-3567.45624606703
-3567.04937300367
-3567.04937300367
-3565.93366780534
-3565.45272797497
-3565.41416158529
-3565.64320788754
-3564.28186199786
-3568.41171276004
-3567.42594334945
-3566.77663882817
-3569.97670689448
-3571.61083750369
-3567.22924447932
-3566.44720427049
-3565.60023049046
-3566.32739929396
-3567.33145627656
-3573.52173859942
-3567.14146148202
-3570.15689884186
-3569.7916767472
-3569.7916767472
-3572.50953578784
-3572.50953578784
-3574.91077547848
-3574.46083604284
-3575.7743721044
-3574.9441654347
-3574.81830431087
-3572.32119591046
-3572.43016318999
-3569.82799024063
-3569.82799024063
-3570.56142625661
-3571.15336896481
-3571.11898948504
-3569.62199207546
-3569.62199207546
-3569.62199207546
-3569.62199207546
-3569.525398437
-3569.525398437
-3569.525398437
-3570.66322520523
-3572.87160704385
-3575.85955319575
-3572.71118925052
-3572.6227671601
-3567.3015451329
-3568.35973927035
-3566.64206496436
-3566.17391487426
-3567.6998509584
-3564.5802415305
-3568.63167208479
-3566.97267550001
-3564.88434802421
-3563.69831438037
-3563.69729702387
-3565.39660203784
-3565.09594793463
-3566.45110832805
-3564.27596596768
-3564.04795821737
-3564.78697783016
-3570.1976249259
-3568.28215601602
-3577.16910211562
-3567.38035895479
-3566.41073262896
-3566.76132231263
-3565.17200593607
-3565.44983899482
-3566.65511245748
-3567.9191435811
-3567.61645585337
-3567.61645585337
-3567.61645585337
-3567.61645585337
-3566.86602100505
-3567.07947566796
-3564.7928517135
-3564.70207535441
-3567.48320039383
-3564.52328283869
-3564.82567001052
-3564.49120395149
-3566.07137000157
-3566.07137000157
-3565.1297465237
-3563.75817694875
-3567.03741288202
-3564.17453573591
-3566.1381414055
-3564.8875633957
-3565.28200513119
-3565.28200513119
-3565.36779281265
-3564.3749573231
-3567.56028698312
-3568.83333782121
-3567.49990766292
-3565.04651723961
-3570.74638732065
-3570.72110848581
-3579.94625377746
-3580.90508862678
-3576.2195545328
-3568.66467418097
-3568.6414014412
-3569.86619122424
-3573.22758141763
-3571.14478652356
-3568.22398015064
-3566.76751379354
-3571.71982955424
-3572.59473642529
-3567.04670989229
-3566.15111645355
-3565.74662382216
-3568.09106100781
-3568.12464846662
-3565.9176787766
-3565.95469533132
-3569.15590077083
-3571.94519198767
-3569.91434167957
-3574.42955282853
-3571.40975123259
-3567.9212200608
-3569.43467398436
-3569.14525999896
-3569.16677253326
-3567.96082119026
-3567.96082119026
-3573.7276515026
-3575.13243180043
-3572.23210618083
-3572.23210618083
-3572.82718432007
-3571.87814620284
-3568.51547482044
-3567.21751043338
-3567.4617166487
-3575.28369948636
-3566.25825731866
-3566.25825731866
-3567.87437156879
-3565.91591352338
-3568.35592744593
-3568.24296546524
-3569.50309168639
-3569.71640486679
-3572.21608162294
-3568.74531165659
-3571.14917318665
-3569.19553644142
-3568.71478449662
-3570.53659294492
-3570.36182711798
-3571.08346789607
-3570.54819633359
-3570.54819633359
-3573.14169785576
-3572.15355354554
-3569.50938057949
-3569.37899913062
-3569.28282473332
-3572.74362561818
-3568.91362218626
-3568.91362218626
-3569.21900334924
-3569.52372947506
-3570.16634060128
-3571.66351229357
-3577.77388961782
-3572.95763305832
-3572.41360573104
-3571.73288740198
-3568.8190049112
-3578.8269728011
-3571.55420842383
-3570.98639717763
-3571.00667862732
-3572.74036432481
-3573.86468483858
-3574.01856322047
-3572.40603308066
-3581.92559310529
-3579.22706117064
-3577.28770454665
-3574.44325819914
-3574.44325819914
-3584.94267098254
-3574.44325819914
-3574.44325819914
-3572.93860487284
-3571.61381519695
-3571.94281586049
-3572.86395724501
-3572.78744470752
-3574.98018828161
-3574.98018828161
-3573.33325105277
-3575.35660404057
-3575.35660404057
-3583.56836382019
-3584.0705179083
-3573.10812335122
-3573.02630172572
-3573.02630172572
-3573.19129846149
-3573.19129846149
-3573.19129846149
-3572.48522203284
-3571.58233294636
-3572.37394416982
-3569.97939632936
-3568.25230076336
-3567.45801822661
-3567.45801822661
-3569.65248908867
-3568.75909169423
-3568.74533082775
-3568.74533082775
-3568.74533082775
-3568.79227196723
-3570.51404378398
-3569.61084977301
-3568.78195844397
-3570.80061902
-3570.38389063498
-3576.04312873624
-3573.63321594853
-3573.08120699453
-3576.67125855109
-3574.96685378799
-3570.74954915917
-3574.49886504538
-3572.31569637026
-3573.78834238284
-3568.67164741362
-3569.11057905854
-3570.79133522414
-3569.7224400231
-3571.15518243586
-3572.52803910088
-3571.62623399653
-3571.79662371776
-3573.76005112263
-3574.39097486004
-3574.61567711903
-3574.8016293792
-3575.65335724881
-3575.65335724881
-3575.35304625989
-3570.22476822527
-3570.22476822527
-3569.43179941547
-3569.43179941547
-3569.94472807906
-3569.11784301477
-3572.230165989
-3570.81795848256
-3568.66478270804
-3570.34830778483
-3572.0129075696
-3571.50014019152
-3571.10413005436
-3570.25874885616
-3572.11517387486
-3572.02712446349
-3571.15292155896
-3570.74401742061
-3569.1496349082
-3568.72771074293
-3568.72771074293
-3568.35997108601
-3567.35064452286
-3568.97978675471
-3568.91037870086
-3568.76725776336
-3568.95209668571
-3571.20163963793
-3570.29198558666
-3571.44944441245
-3571.49712510311
-3572.45331979794
-3572.45331979794
-3572.81200495326
-3573.56344400813
-3573.95954083189
-3570.24598788757
-3572.35992924228
-3572.78579508013
-3577.54387768861
-3574.38421638129
-3573.56861336018
-3573.212446761
-3573.48747551011
-3573.02471254805
-3576.21782478117
-3574.98740719851
-3579.3657004316
-3572.90857798656
-3570.84936414829
-3572.80089862847
-3571.0993895842
-3568.77922605689
-3569.58017558326
-3570.56502849407
-3570.04145024219
-3570.04145024219
-3571.69765023572
-3569.98455611359
-3569.74131791884
-3569.74131791884
-3569.21594437904
-3568.49900366509
-3567.69553751982
-3570.04009903506
-3573.9122221265
-3573.9122221265
-3570.73083224108
-3570.73083224108
-3570.73083224108
-3570.81414484893
-3570.81414484893
-3571.1245765282
-3570.64027539919
-3571.03933270191
-3571.03933270191
-3571.46607296931
-3571.46607296931
-3573.33001352201
-3571.90129498418
-3572.93833582139
-3572.93833582139
-3574.32488255251
-3576.3001838641
-3572.52110205382
-3576.54637038871
-3575.7549378466
-3573.44054391494
-3575.7549378466
-3573.33204126104
-3573.33204126104
-3573.61846184027
-3575.97999876649
-3571.38002008961
-3570.79111781825
-3569.70349883687
-3571.80594105486
-3571.79869691215
-3571.72959085116
-3576.29981408507
-3571.90380388924
-3567.96031686613
-3567.96031686613
-3568.37079628874
-3569.29678827181
-3568.37079628874
-3568.84354354444
-3571.46424713701
-3572.93474752259
-3573.54676870555
-3568.08048641449
-3569.63292473881
-3571.29848757221
-3571.29848757221
-3570.47204054937
-3568.46368825043
-3570.40429757697
-3571.12243191179
-3571.45260408385
-3571.2996686276
-3568.42648100515
-3571.33559743715
-3570.00925805782
-3569.57336783688
-3569.82864353318
-3569.41913129875
-3571.71917737344
-3571.71896182237
-3567.5285489317
-3570.73045114583
-3570.10097377977
-3571.39546769297
-3569.82145475701
-3567.7849067427
-3568.20292760362
-3567.56555016954
-3567.9784077268
-3567.19649678644
-3567.19649678644
-3568.10272646667
-3568.60263172598
-3568.17150564767
-3568.17150564767
-3568.17150564767
-3567.84999983321
-3567.84999983321
-3568.12982343186
-3568.12982343186
-3567.59322814738
-3571.92216665841
-3573.57944975894
-3570.95404408979
-3567.71336676631
-3567.71336676631
-3569.82385277803
-3569.82385277803
-3568.09447298107
-3570.35457503217
-3566.55309047884
-3566.55309047884
-3566.55309047884
-3566.66271531019
-3568.86753053548
-3567.61529976297
-3567.55269180878
-3564.92923032479
-3564.92923032479
-3566.23609308919
-3573.80472295413
-3573.3330669575
-3563.41057974495
-3565.26485255828
-3564.52488958884
-3564.52488958884
-3564.52488958884
-3565.18726131352
-3565.70110021932
-3566.43224037813
-3566.67510921572
-3565.10528075212
-3565.30172230595
-3564.46294651464
-3566.13800003409
-3564.91656628511
-3564.84930234436
-3566.35548263388
-3567.2776269436
-3566.3786134933
-3568.70887991631
-3568.74306708969
-3569.81579084982
-3574.91858802797
-3568.4589200242
-3569.40704043289
-3569.24770704936
-3567.19599564879
-3566.78861175882
-3573.58791433584
-3567.49677855372
-3569.6342309149
-3570.08537153718
-3570.08281589157
-3566.88510890108
-3568.94129207172
-3571.67722887598
-3571.67722887598
-3570.33894879432
-3577.26207141408
-3574.14959400784
-3575.2084741112
-3573.68519524235
-3573.95490071603
-3571.68487593631
-3572.4861838841
-3570.45245694162
-3573.24129586259
-3572.01258059047
-3571.76366339929
-3571.76366339929
-3571.98356006493
-3573.37775741908
-3573.37775741908
-3574.88067854545
-3576.38248900159
-3570.70845281228
-3568.67084284245
-3569.13529959522
-3569.13529959522
-3569.13529959522
-3569.93288473214
-3571.80630254319
-3574.40566912696
-3573.36107359264
-3573.48236566193
-3572.08499544188
-3572.0148015867
-3569.72386042031
-3569.40540809667
-3570.94601322421
-3568.72040276455
-3569.26752414249
-3567.43757112075
-3567.49256786446
-3568.95202005196
-3568.22662343647
-3568.22662343647
-3568.91314844087
-3568.91314844087
-3573.25918302749
-3573.25918302749
-3569.13834784077
-3569.13834784077
-3570.14765184785
-3567.75775266368
-3569.36124287479
-3573.93361355524
-3573.93361355524
-3579.11080156066
-3576.36242467343
-3574.80447513967
-3573.91437186177
-3576.54567560293
-3571.65434799476
-3569.50916281784
-3569.80014262284
-3569.55279465924
-3571.48227089831
-3570.09737347498
-3571.20913814316
-3574.79049720731
-3571.61388299493
-3569.38074506384
-3568.36767727922
-3568.22042749268
-3568.90828407265
-3568.41560634853
-3569.64871152661
-3569.39762207948
-3569.39762207948
-3570.72352184424
-3570.72945693799
-3569.81162990269
-3570.10868239259
-3570.10119606642
-3572.76388969923
-3573.13112735412
-3580.95888005577
-3570.64404458471
-3567.18618283135
-3566.83047731206
-3567.07120535054
-3572.21926911184
-3568.15037488922
-3565.75334753152
-3565.50050633349
-3566.38057310489
-3565.30430714774
-3564.8711443648
-3564.66294875391
-3564.86123724631
-3566.11809030869
-3565.90471643622
-3565.90471643622
-3565.82507615072
-3566.61210138438
-3566.4053276491
-3565.58424542245
-3564.21177051052
-3565.38659847253
-3566.37369785169
-3574.5971403373
-3566.28455652866
-3565.37064724188
-3566.16034579917
-3565.77520601148
-3565.98232708231
-3566.65618963167
-3565.91274644658
-3567.500837876
-3568.87950944331
-3568.87950944331
-3568.23654030528
-3567.69031467873
-3566.35721099583
-3566.12961310467
-3565.52027844663
-3566.60125282852
-3567.35249313798
-3566.40466996324
-3563.26526393928
-3564.14274784303
-3565.91181354354
-3564.789917642
-3564.70417842507
-3564.22852789456
-3563.39706880831
-3562.28000846416
-3564.97601832876
-3563.94678936618
-3563.49519429188
-3568.12153838494
-3563.61084562173
-3563.61084562173
-3564.15431698892
-3562.36537369657
-3562.62403942957
-3565.11349035795
-3562.37054429651
-3565.2387268678
-3563.96825445702
-3563.29937779686
-3563.73318391184
-3562.48161110275
-3563.33432704169
-3561.36070367097
-3563.66055134526
-3566.72785854464
-3569.83395798713
-3567.13845954773
-3567.83117905824
-3577.08019297878
-3568.99371573551
-3566.56420167378
-3567.65383139104
-3567.88708847724
-3567.88058661665
-3565.87217802861
-3568.49727079814
-3566.84302349485
-3568.83013002332
-3568.83013002332
-3567.74282639152
-3567.4723023194
-3567.28483781218
-3565.74078608206
-3568.95293295603
-3566.52607736325
-3566.03208438757
-3567.42791967779
-3568.47854136914
-3567.68741133341
-3566.08827118215
-3567.48239043299
-3568.10220683616
-3568.53612098196
-3565.93897593422
-3564.15010108041
-3564.15010108041
-3566.19801063296
-3564.92019321772
-3567.32773112722
-3568.01643812471
-3567.18242338529
-3566.5741298932
-3572.76937083947
-3567.35513059613
-3567.49811632853
-3565.28428733771
-3564.91576434475
-3566.23478976709
-3566.42200079171
-3572.36893079829
-3567.98947343536
-3568.30898571734
-3566.5906064148
-3566.5906064148
-3567.42278467794
-3572.45378974295
-3574.92677931245
-3570.81930191595
-3570.81438764129
-3570.2194016463
-3573.10748582826
-3570.05351652176
-3569.93221278268
-3570.04010948594
-3569.57244478776
-3571.57143936475
-3566.98607496795
-3568.46807498286
-3569.40741565213
-3569.43879685982
-3569.19344779124
-3568.37544133705
-3569.10225660899
-3570.03776094509
-3569.38774479361
-3570.18595569735
-3569.69779534747
-3566.2336209585
-3566.2203615029
-3576.7428698471
-3567.15368364216
-3566.86688661105
-3577.45104039136
-3567.07035763206
-3567.07035763206
-3567.04023652843
-3565.33317647899
-3563.33569216326
-3563.33569216326
-3563.2392250459
-3563.2392250459
-3563.2392250459
-3563.31270351054
-3562.39111362829
-3563.21264561178
-3561.3806819851
-3561.46884191501
-3561.46884191501
-3561.46884191501
-3561.20851525947
-3561.6603056499
-3561.39633770918
-3562.05326224574
-3561.19978929566
-3561.19978929566
-3562.49130742494
-3574.45468226609
-3570.65694432759
-3561.50761621432
-3563.00026527899
-3561.59364337048
-3562.23896700705
-3562.22953354052
-3562.14745638585
-3563.04093561849
-3565.51362529162
-3566.07084057839
-3565.41511787683
-3564.51399381687
-3562.21606407269
-3562.57240338482
-3560.68531471952
-3562.01394589032
-3562.13893612719
-3562.13893612719
-3561.05641559813
-3561.61068349804
-3564.80402492144
-3563.39616037872
-3570.27749127939
-3567.51014867045
-3564.96831329622
-3573.26924683988
-3566.56047261407
-3564.59538778595
-3573.68699948337
-3564.54896774875
-3563.7872579121
-3562.27614141631
-3563.72586847215
-3564.47764248539
-3565.75142805376
-3566.10132471073
-3565.65795935156
-3566.93948091289
-3567.20940896146
-3564.11026632649
-3564.11026632649
-3565.55708806729
-3565.55708806729
-3565.55708806729
-3567.54248935187
-3567.09378382316
-3563.53228223894
-3564.166672541
-3567.96501381739
-3565.94131227651
-3565.57309737163
-3567.76141499203
-3567.76141499203
-3565.94034259772
-3566.91452279468
-3566.54770839303
-3567.81500762044
-3565.49393831216
-3565.49393831216
-3568.91479454337
-3568.35346864743
-3568.75122056349
-3567.36671031744
-3567.36671031744
-3571.95881558519
-3568.2400322227
-3568.18044793676
-3570.73113510848
-3563.38416447336
-3562.30389978374
-3564.79899088342
-3564.80949499855
-3566.23238652214
-3569.94056795636
-3562.2991036111
-3562.34833014723
-3562.34833014723
-3562.34833014723
-3562.43068368614
-3562.58640383041
-3562.58640383041
-3562.58640383041
-3562.58640383041
-3562.05241998192
-3561.22325751405
-3561.25780266921
-3561.25780266921
-3561.90650038514
-3561.90650038514
-3563.38879997
-3564.29506694055
-3563.67090292673
-3565.73295641936
-3569.69007269606
-3565.73295641936
-3565.73295641936
-3567.83502462463
-3568.5647544572
-3568.5647544572
-3573.26009093611
-3572.48790477886
-3574.97305369239
-3572.41296945242
-3572.99473433968
-3571.55071383318
-3572.61032856882
-3574.03623645244
-3569.61962808497
-3571.01380876235
-3572.07124982294
-3569.73504335894
-3571.31733724953
-3569.60916859885
-3569.51651574831
-3573.4195851114
-3569.7046722186
-3570.40050964955
-3569.77249836252
-3572.01259139885
-3570.13424247373
-3570.31670044127
-3569.80172565196
-3569.80172565196
-3566.76621749276
-3567.10568988434
-3566.93640605616
-3567.4169161195
-3570.50290979259
-3573.87317645537
-3569.41665875264
-3569.4129268301
-3568.42352715149
-3571.19231464833
-3571.78303026773
-3571.84650600133
-3567.65436886125
-3569.00910940023
-3569.00910940023
-3572.55021307135
-3575.29961257763
-3574.42005142718
-3571.72142353709
-3575.46823488324
-3574.47819271805
-3577.83860998487
-3569.20462276763
-3568.87443963807
-3569.190283767
-3567.14398241566
-3567.9609459977
-3567.32869357444
-3574.60549784424
-3574.55176822268
-3569.40680977797
-3571.82729256224
-3570.73604974906
-3573.36378102469
-3574.10734999526
-3574.93856812609
-3574.54640624877
-3574.93856812609
-3575.73454487194
-3573.94720250156
-3571.10431035526
-3571.80510777639
-3571.27824277574
-3572.41143343182
-3572.41143343182
-3575.92308820031
-3572.74695883899
-3572.74695883899
-3572.62635412288
-3574.96065487759
-3574.71330078123
-3572.99292750452
-3575.67621991458
-3572.27580230758
-3572.26530028968
-3572.185871297
-3573.19792691021
-3573.0368534915
-3573.0368534915
-3573.0368534915
-3569.97446886765
-3570.44145546156
-3568.78860554
-3568.11223639327
-3568.60048208024
-3568.60048208024
-3568.17263034631
-3568.72345643095
-3568.72345643095
-3569.00599792216
-3569.00599792216
-3570.62158212585
-3570.11826197821
-3575.61948932659
-3572.3048586734
-3569.04258102473
-3569.25285212123
-3569.25285212123
-3566.65081129774
-3569.42620628787
-3566.5536996503
-3566.92134273604
-3567.41831172436
-3569.07187327079
-3568.79789248191
-3568.79789248191
-3566.08829201604
-3565.78157996527
-3567.37812351843
-3566.16645531037
-3566.75778504292
-3569.47516810508
-3570.40633697285
-3565.65985457071
-3565.65985457071
-3565.65985457071
-3566.5096610032
-3565.04578580368
-3563.88614748202
-3564.83065385496
-3563.36617836644
-3563.36617836644
-3564.23111960203
-3564.56724238506
-3564.56724238506
-3566.11201858582
-3565.57530163406
-3565.57530163406
-3565.63085625214
-3564.12590643364
-3564.12590643364
-3567.08496484014
-3567.19702224263
-3570.04062075066
-3570.04062075066
-3568.54783282551
-3566.02364966007
-3566.02364966007
-3566.02364966007
-3571.83314754152
-3566.11240274743
-3563.39864380966
-3563.39864380966
-3564.66740513954
-3570.91204648315
-3565.99503791264
-3566.42185573486
-3565.32043319059
-3568.91064350971
-3565.32043319059
-3564.75701141766
-3567.05987969934
-3566.96127875623
-3567.89969781139
-3568.4981924509
-3568.4981924509
-3567.39716011279
-3568.72078618048
-3565.81793545461
-3566.10747304221
-3566.10747304221
-3565.75431506098
-3565.72201842123
-3565.24690776575
-3563.25577433451
-3562.89708687945
-3563.7857287352
-3564.28190464097
-3564.53922357724
-3565.8187909352
-3565.38328830818
-3564.66746602487
-3565.15435696858
-3565.15435696858
-3564.46939684355
-3567.92212729189
-3566.1740863604
-3568.2468152292
-3567.22289559324
-3566.86405767876
-3566.54180301533
-3566.54180301533
-3566.67803236124
-3566.40692656977
-3568.01371082474
-3565.74937184645
-3564.34210398807
-3568.91712371093
-3567.70000326989
-3570.01598649006
-3571.08825688097
-3568.99540383815
-3570.62937054695
-3571.04155832632
-3569.92872565174
-3570.59229226403
-3567.72679867212
-3567.72679867212
-3568.36504643222
-3569.05902978389
-3569.25590820005
-3569.19573269263
-3568.89729687157
-3571.41363793185
-3570.40557669872
-3568.99146955016
-3570.47465068
-3569.61677705695
-3570.03496038554
-3568.3183301955
-3567.9057247332
-3568.30076210382
-3567.17745468676
-3567.17745468676
-3571.54141589051
-3569.86019736346
-3572.28182204732
-3567.81106400322
-3567.35532793083
-3569.09312641382
-3566.81160619073
-3567.74565347961
-3568.28840179755
-3563.58351942706
-3565.68589831982
-3564.71254066498
-3563.61370381577
-3566.06327970761
-3566.57864188253
-3563.40133367234
-3564.08878318797
-3564.17413104019
-3565.70302181323
-3565.08978499592
-3567.53225799301
-3567.70254703508
-3572.69750845562
-3565.41728446015
-3565.99644096614
-3565.0905056788
-3572.56715372875
-3565.25147614041
-3564.14499008351
-3563.44324089712
-3561.98422349736
-3562.16182331427
-3562.21560600324
-3562.21560600324
-3562.21560600324
-3562.21560600324
-3561.37744649739
-3565.06603441893
-3570.24455771922
-3562.97092918125
-3563.05496053111
-3564.61519102089
-3567.27568214292
-3564.82962946777
-3565.81048961279
-3566.10318613306
-3566.17999016266
-3565.6378164498
-3566.39023218421
-3566.53049174902
-3566.53049174902
-3568.29315421236
-3567.18634573305
-3565.36043399455
-3564.60316652452
-3566.32080826993
-3565.8815079101
-3565.97431831743
-3565.75050684582
-3568.73836859876
-3565.33424837491
-3565.25125455824
-3566.64823188889
-3567.80019961301
-3572.60931733262
-3573.10567812555
-3566.94172500028
-3569.64756444607
-3570.00514585218
-3568.43393538887
-3568.47627905481
-3568.69288896402
-3568.95302788809
-3569.11026545173
-3570.65193855503
-3569.68534662326
-3573.38469540285
-3572.35213496807
-3573.43758831767
-3573.43758831767
-3571.63378795767
-3572.8465276426
-3571.31506330712
-3572.17225268369
-3569.97876467117
-3570.53215670583
-3568.22617594738
-3567.04428007127
-3564.45876680572
-3564.34327390317
-3565.96529058068
-3563.0368622996
-3565.67214683892
-3562.3515894766
-3563.71652014754
-3564.89197378387
-3565.23605505344
-3564.61552735494
-3566.6613999941
-3571.79557317361
-3566.62433152735
-3569.18942775878
-3569.16041413937
-3567.6448334024
-3570.21299911378
-3569.4763219229
-3569.52992879022
-3569.22711424171
-3571.12284578912
-3572.25942595219
-3572.703364261
-3573.76769058894
-3573.6016213755
-3577.25579544572
-3571.0294682813
-3570.13681847558
-3568.63724482317
-3574.74755230276
-3570.6335420562
-3572.46637777187
-3572.39822592735
-3569.32502076905
-3568.95182903974
-3568.71844577409
-3568.25389865348
-3566.33069529473
-3566.67672474692
-3567.04191788942
-3568.24499536079
-3568.73795166143
-3568.75191781306
-3571.50417877126
-3569.13309002508
-3570.50674262898
-3573.14412355551
-3572.9880366402
-3567.47948259859
-3567.55154637519
-3566.99741326092
-3567.65788458112
-3567.74093499838
-3571.28408504265
-3566.93992813376
-3570.60097232055
-3567.86821386645
-3567.28080627254
-3567.15924543616
-3567.88647328676
-3566.64626966159
-3569.82944089044
-3570.39335282249
-3567.92771734784
-3566.27806412683
-3565.03738469053
-3564.58203244115
-3568.23764786852
-3567.58004862652
-3564.95397491633
-3564.78699379735
-3564.78699379735
-3564.78699379735
-3568.29388394172
-3565.04235139712
-3566.28073364173
-3566.28073364173
-3566.28073364173
-3566.28073364173
-3566.24747571401
-3566.24747571401
-3566.24747571401
-3566.72020775938
-3566.21604088545
-3565.39589417953
-3567.44546421245
-3567.38945346678
-3570.16387650613
-3575.07543317215
-3567.54602313844
-3569.94761852088
-3569.94761852088
-3573.83166338394
-3569.63566189174
-3570.44449073577
-3570.46656400139
-3570.46656400139
-3568.70340943988
-3567.01633662662
-3569.86603927764
-3570.80438911303
-3569.15160249866
-3574.07311585936
-3573.92580702472
-3569.3355385869
-3571.79310017578
-3571.827174149
-3571.63900377708
-3572.81371634597
-3570.93047202443
-3571.50843844819
-3569.49932366645
-3567.10738866577
-3567.21994704295
-3565.69222345175
-3565.38494883078
-3570.52089293177
-3573.58341788147
-3570.67289520429
-3567.35760634518
-3565.71200831263
-3569.30267875872
-3564.8601849914
-3563.66733793636
-3564.24455543358
-3562.67574992294
-3566.37951197751
-3566.46866457409
-3567.32876679674
-3564.57927504105
-3567.32876679674
-3563.54937605857
-3565.12125478672
-3566.289562325
-3565.36556875482
-3564.83613834911
-3566.14958743041
-3566.14958743041
-3567.41055829337
-3567.12021031092
-3567.12021031092
-3567.12021031092
-3567.12021031092
-3567.12021031092
-3567.16267495234
-3568.34909968005
-3568.0169489223
-3571.16548298115
-3571.16548298115
-3573.56872143457
-3571.31891177728
-3573.95895223744
-3573.36943574998
-3572.52482309753
-3571.47627872274
-3570.53333978451
-3570.39558916431
-3569.49513498973
-3572.64340007719
-3573.40693889525
-3574.03368974619
-3575.02712293395
-3575.02712293395
-3574.02433675009
-3573.54753015116
-3573.54753015116
-3571.26958349241
-3571.26958349241
-3576.51475755319
-3572.18711392727
-3578.02799920793
-3573.04999209118
-3575.40142791403
-3569.51510736095
-3572.55055595939
-3572.55055595939
-3572.95734323122
-3570.41712082178
-3570.07640162896
-3572.17382839318
-3573.07160736461
-3568.81052534444
-3568.7906298558
-3571.4180501976
-3568.76492716262
-3571.31527805598
-3567.47592866977
-3567.68189493093
-3571.25349242312
-3568.5323241882
-3569.5357325601
-3568.66114741945
-3567.27299761781
-3567.14162164969
-3566.41135159464
-3567.31470319188
-3567.31470319188
-3567.31470319188
-3567.39245615321
-3566.88245204839
-3568.1469995056
-3568.1469995056
-3568.1469995056
-3566.92611558875
-3566.92611558875
-3569.02716030002
-3569.02716030002
-3568.79216950157
-3568.79216950157
-3569.04967516461
-3565.92314562967
-3566.90710560812
-3567.94011717285
-3567.04645584115
-3567.10820029624
-3568.96744344804
-3568.96744344804
-3568.96744344804
-3568.87621545862
-3569.52046801803
-3569.30987501683
-3573.9274608024
-3573.39318837534
-3569.55214768761
-3569.55214768761
-3567.57336040775
-3570.15174904326
-3571.15492936943
-3571.17181514419
-3571.16969248813
-3570.7972105581
-3572.28747489571
-3571.36006315938
-3572.40039114885
-3572.27804345688
-3570.88784187479
-3575.13376253919
-3573.86121628123
-3574.03193895628
-3574.03193895628
-3574.51647522546
-3572.5095548224
-3568.50473007375
-3570.24232563314
-3571.42729339268
-3571.42729339268
-3572.16694417315
-3573.73059146386
-3573.33607832061
-3573.33607832061
-3571.8612048122
-3568.98556084673
-3573.54342449491
-3567.26264792924
-3568.22314956325
-3568.21190983011
-3567.29164118911
-3566.84442263833
-3566.87016325128
-3567.71922868153
-3566.55422399526
-3566.90178577814
-3566.12289785876
-3567.62742953053
-3566.18569429624
-3565.56947960362
-3567.30971991874
-3567.53527130551
-3568.62251872558
-3570.00201163203
-3569.24709924881
-3571.30073648865
-3574.78977923817
-3574.78977923817
-3570.19827266954
-3570.15183850823
-3569.26454222503
-3568.35193159863
-3573.86146572097
-3569.24603933353
-3569.08037337306
-3567.5603863897
-3571.90731264319
-3566.47154789558
-3566.47154789558
-3566.13543294363
-3567.18083632181
-3567.94327197924
-3567.94327197924
-3568.95745623258
-3568.93024301051
-3572.60048560663
-3574.8750928858
-3574.70297553986
-3574.41408935815
-3574.89810464582
-3578.35370771006
-3578.87772354149
-3579.48814784759
-3576.57939577828
-3576.57939577828
-3574.67242880651
-3577.12133181034
-3575.64700372789
-3577.02032369736
-3575.3086819446
-3575.3086819446
-3582.77396630227
-3580.45401119687
-3576.92981075126
-3573.00464960369
-3573.00464960369
-3570.59342857817
-3570.59342857817
-3570.59342857817
-3570.59342857817
-3570.59342857817
-3570.59342857817
-3567.81084050563
-3568.25952691109
-3568.60711469082
-3568.60711469082
-3568.60711469082
-3567.99106317991
-3567.88242700996
-3566.6583756814
-3566.5417442675
-3566.47967395879
-3567.72482345918
-3567.72482345918
-3569.43089501472
-3567.72482345918
-3567.72482345918
-3567.72482345918
-3573.36839110653
-3573.36839110653
-3573.36839110653
-3570.43133544234
-3570.43133544234
-3570.43133544234
-3570.43133544234
-3568.23659640579
-3568.70247972258
-3568.31862849423
-3570.82052835517
-3569.65308175346
-3568.81801290161
-3569.76254284513
-3569.73706572337
-3568.56321915056
-3569.43367325564
-3569.43367325564
-3569.43367325564
-3571.40974387362
-3569.16080038565
-3567.27555042182
-3571.56924224697
-3571.43484888645
-3567.2388637751
-3567.2388637751
-3568.82433887635
-3568.14978001086
-3568.14978001086
-3570.42527349554
-3570.42527349554
-3570.42527349554
-3569.69768501618
-3570.09363721182
-3570.77257367713
-3570.42527349554
-3572.40709085623
-3572.40709085623
-3574.8823075672
-3572.76378473196
-3575.80073989657
-3574.97349307274
-3574.36470826444
-3574.21449599115
-3569.53038709817
-3569.53651980239
-3576.54226089132
-3576.68411405932
-3573.9453014589
-3568.8991888013
-3568.08174572636
-3574.96780310252
-3568.08174572636
-3568.08174572636
-3568.08174572636
-3568.08174572636
-3566.39487072376
-3566.39487072376
-3566.39487072376
-3566.39487072376
-3568.35219668352
-3565.06911399705
-3565.06911399705
-3565.06911399705
-3565.06911399705
-3565.06911399705
-3565.06911399705
-3573.97650172355
-3565.06911399705
-3565.76243583459
-3565.4650912791
-3565.4643499848
-3565.4643499848
-3565.4643499848
-3565.4643499848
-3565.4643499848
-3563.88170339847
-3563.88170339847
-3565.86905172281
-3565.90009432779
-3572.56410772284
-3566.61014388863
-3566.61014388863
-3566.61014388863
-3566.61014388863
-3564.86204968435
-3564.86204968435
-3564.86204968435
-3564.86204968435
-3566.02884699662
-3566.02884699662
-3564.88482836386
-3564.88482836386
-3565.32421732308
-3565.32421732308
-3565.32421732308
-3565.32421732308
-3566.13716512511
-3566.13716512511
-3566.13716512511
-3566.39869712646
-3566.56115512429
-3566.56115512429
-3566.17558555107
-3566.17558555107
-3566.08493125273
-3566.08493125273
-3566.08493125273
-3566.08493125273
-3566.08493125273
-3566.08493125273
-3566.08493125273
-3566.08493125273
-3566.08493125273
-3566.8486877551
-3566.12800529413
-3566.12800529413
-3566.72359602605
-3566.78029635981
-3566.78029635981
-3566.78029635981
-3566.78029635981
-3566.78029635981
-3566.78029635981
-3566.83203152926
-3566.83203152926
-3566.83203152926
-3566.83203152926
-3566.83203152926
-3566.97596507799
-3566.95439082751
-3566.95439082751
-3566.95439082751
-3566.95439082751
-3567.28856742951
-3567.28856742951
-3567.68283168458
-3567.68283168458
-3567.68283168458
-3567.68283168458
-3567.68283168458
-3567.68283168458
-3567.68283168458
-3567.68283168458
-3567.68283168458
-3567.68283168458
-3569.68413731987
-3569.68413731987
-3573.03257389896
-3571.26115440606
-3571.26115440606
-3571.26115440606
-3571.26115440606
-3571.26115440606
-3568.40575227504
-3568.40575227504
-3569.33696404973
-3568.52802373305
-3568.52802373305
-3568.52802373305
-3568.52802373305
-3568.52802373305
-3568.52032932873
-3568.52032932873
-3568.52032932873
-3568.52032932873
-3568.42889049478
-3568.39588878132
-3568.39588878132
-3568.39588878132
-3568.39588878132
-3568.39588878132
-3568.39588878132
-3568.39588878132
-3568.86355440791
-3568.86355440791
-3568.86355440791
-3574.79270785664
-3568.86355440791
-3568.86355440791
-3573.62803927452
-3570.07940093088
-3570.07940093088
-3568.87124600393
-3568.87124600393
-3568.87124600393
-3567.6046728608
-3567.6046728608
-3567.6046728608
-3566.703986025
-3566.703986025
-3566.703986025
-3569.80155010038
-3573.66000068807
-3573.94311282762
-3573.94311282762
-3573.94311282762
-3572.4205238886
-3568.08803190494
-3568.08803190494
-3568.08803190494
-3569.20699552453
-3569.20699552453
-3569.20699552453
-3569.20699552453
-3569.9142662448
-3569.9142662448
-3569.5668982387
-3569.76685936385
-3567.77170387347
-3569.61304294953
-3571.54197643765
-3566.89849707433
-3566.89849707433
-3567.96491955599
-3568.59850456123
-3568.59850456123
-3571.63969278047
-3568.59850456123
-3568.59850456123
-3568.59850456123
-3576.39583436028
-3568.59850456123
-3568.59850456123
-3567.0017299561
-3567.0017299561
-3567.0017299561
-3566.51638752883
-3566.51638752883
-3567.74522275808
-3567.74522275808
-3567.83183055608
-3572.96500035072
-3567.83183055608
-3567.83183055608
-3567.83183055608
-3567.83183055608
-3571.03451695092
-3571.2763619236
-3570.34237021999
-3570.34237021999
-3570.76704424961
-3569.63658879409
-3567.83513073791
-3569.63658879409
-3569.63658879409
-3569.06612179536
-3570.87870238676
-3566.76884062007
-3566.76884062007
-3566.03304521381
-3565.69442405484
-3565.69442405484
-3565.13322530567
-3565.13322530567
-3572.6550307774
-3564.40638382517
-3564.40638382517
-3565.91653005207
-3572.578024904
-3565.99510143248
-3567.0482740169
-3567.0482740169
-3567.0482740169
-3567.0482740169
-3567.64845833469
-3569.32390565268
-3566.45802579919
-3565.94723031167
-3565.94723031167
-3571.92861276842
-3567.29763576509
-3567.29763576509
-3567.29763576509
-3569.25551491583
-3566.82339075987
-3566.82339075987
-3566.82339075987
-3566.82339075987
-3566.82339075987
-3566.82339075987
-3566.82339075987
-3567.84484965794
-3570.59954450827
-3567.84484965794
-3567.84484965794
-3567.84484965794
-3568.29970048113
-3567.84484965794
-3566.51184847921
-3566.51184847921
-3566.51184847921
-3573.07543319148
-3565.38335529203
-3565.38335529203
-3565.38335529203
-3565.38335529203
-3564.27951773523
-3564.27951773523
-3564.67264986413
-3564.23466403943
-3564.52553013654
-3564.52553013654
-3564.52553013654
-3564.52553013654
-3565.67086115367
-3565.67086115367
-3565.67086115367
-3567.58096775792
-3565.03488184451
-3571.79631173767
-3565.18412971383
-3565.18412971383
-3565.18412971383
-3565.18412971383
-3568.58313581139
-3569.52689268103
-3569.71622290525
-3569.56245920113
-3569.56245920113
-3570.68273823964
-3573.23528637796
-3566.81457191981
-3566.61077853765
-3566.61077853765
-3566.61077853765
-3566.61077853765
-3566.61077853765
-3566.61077853765
-3566.4311320648
-3566.14679856188
-3565.97745905228
-3566.13157517399
-3566.13157517399
-3566.27094005151
-3566.27094005151
-3567.43740798179
-3567.29204242191
-3567.29204242191
-3567.29204242191
-3568.50185696005
-3568.53132407581
-3568.7129079946
-3568.7129079946
-3569.64160030689
-3571.66660985
-3571.66660985
-3571.78200947933
-3576.57277968098
-3576.65655812705
-3571.98021492517
-3571.98021492517
-3579.41321220003
-3569.34778374184
-3569.34778374184
-3569.34778374184
-3569.34778374184
-3569.34778374184
-3566.32003737491
-3566.32003737491
-3566.32003737491
-3566.32003737491
-3567.28341279981
-3569.36003096417
-3568.84078100877
-3572.43581793977
-3570.68886160479
-3569.88638215187
-3567.65878350358
-3567.65878350358
-3567.44109694614
-3568.22391582696
-3568.52719857647
-3567.53907862541
-3565.2193743118
-3565.2193743118
-3565.2193743118
-3565.2193743118
-3564.36331649222
-3564.36331649222
-3564.36331649222
-3565.01496163683
-3569.68898233838
-3569.68898233838
-3569.54178454178
-3569.54178454178
-3569.94557909613
-3575.06192975961
-3570.97740012581
-3571.55504609445
-3567.44011244426
-3567.44011244426
-3566.51771953095
-3566.51771953095
-3566.51771953095
-3566.51771953095
-3566.51771953095
-3566.51771953095
-3566.51771953095
-3566.51771953095
-3566.20693495255
-3570.79413904841
-3570.79413904841
-3570.79413904841
-3570.79413904841
-3570.79413904841
-3568.00911541737
-3568.00911541737
-3568.00911541737
-3568.00911541737
-3569.19354203084
-3569.35923253146
-3568.56158244541
-3568.56158244541
-3570.96271133901
-3570.96271133901
-3572.60088993976
-3572.71628936403
-3571.68281366708
-3571.68281366708
-3571.68281366708
-3571.22799438392
-3571.22799438392
-3570.97661554987
-3571.3450490454
-3571.3450490454
-3571.3450490454
-3569.42640852238
-3567.45926826005
-3570.43871120401
-3568.71524667672
-3568.71524667672
-3568.71524667672
-3570.15376448983
-3570.15376448983
-3571.37960471679
-3571.37960471679
-3581.05295019707
-3571.37960471679
-3571.37960471679
-3570.93869174057
-3566.91607800708
-3566.16371110603
-3565.12637432436
-3565.12637432436
-3565.12637432436
-3564.79315133316
-3564.79315133316
-3564.79315133316
-3567.76625482115
-3567.70312254906
-3567.70312254906
-3567.70312254906
-3567.70312254906
-3569.56711866697
-3569.89788535606
-3569.89788535606
-3574.53770222574
-3572.82423115859
-3568.25951036084
-3567.55231659041
-3567.55231659041
-3570.65565876423
-3569.0482497195
-3566.51581561316
-3566.51581561316
-3566.74451911162
-3566.74451911162
-3566.74451911162
-3566.74451911162
-3566.74451911162
-3566.79946326855
-3566.79946326855
-3566.79946326855
-3566.09142994978
-3567.14458814925
-3567.14458814925
-3567.177092664
-3568.14281276635
-3568.06683215168
-3571.43475895628
-3571.43475895628
-3569.09292653027
-3568.8022403392
-3567.82555375234
-3568.47819663393
-3568.47819663393
-3568.47819663393
-3568.47819663393
-3568.47819663393
-3567.56825934316
-3564.38355927152
-3564.38355927152
-3564.38355927152
-3566.97123665036
-3566.97123665036
-3565.95430620881
-3565.95430620881
-3565.95430620881
-3565.4863811969
-3566.94653214222
-3566.58560115109
-3566.58560115109
-3565.56038368371
-3567.31153676086
-3564.34875370311
-3564.34875370311
-3565.97733744935
-3565.97733744935
-3565.97733744935
-3570.39245657586
-3570.39245657586
-3570.39245657586
-3570.39245657586
-3566.79840970693
-3570.61902724213
-3570.61902724213
-3570.61902724213
-3570.17839348407
-3569.32002758186
-3568.15454102888
-3568.15454102888
-3566.16528179188
-3565.82148742768
-3565.82148742768
-3565.82148742768
-3565.58226796718
-3565.58226796718
-3564.18692189975
-3564.18692189975
-3563.55804361546
-3563.55804361546
-3564.33124878909
-3564.13189008259
-3564.13189008259
-3564.13189008259
-3564.13189008259
-3569.58512682583
-3568.77556501404
-3566.86227510488
-3566.86227510488
-3565.51581677864
-3563.07564414571
-3562.1767975278
-3562.67012586304
-3562.67012586304
-3562.67012586304
-3566.54664639034
-3566.54664639034
-3566.06507488443
-3564.70773949544
-3563.77410133661
-3565.82900049762
-3566.46249112399
-3565.80093613149
-3563.08547939415
-3562.84542823
-3562.84542823
-3562.84542823
-3562.59685956953
-3562.59685956953
-3562.64421114179
-3562.64421114179
-3563.71862500107
-3563.74314023272
-3563.47422868585
-3564.18190922665
-3564.18190922665
-3563.17378787698
-3563.17378787698
-3563.41220465197
-3563.64129644007
-3563.64129644007
-3563.80085235522
-3563.80085235522
-3563.80085235522
-3563.56012913782
-3563.56012913782
-3563.59145163547
-3565.55524982472
-3563.48847553231
-3563.48847553231
-3563.59443895222
-3563.59443895222
-3563.59443895222
-3564.12323918103
-3564.12323918103
-3564.12323918103
-3564.12323918103
-3564.12323918103
-3564.12323918103
-3564.69124110665
-3564.69124110665
-3564.69124110665
-3563.81360327302
-3563.81360327302
-3563.81360327302
-3564.1046795152
-3565.91266082317
-3563.47705832064
-3563.37229953481
-3563.69804190345
-3563.69804190345
-3564.04732932911
-3564.04732932911
-3567.20073386977
-3564.59387915327
-3563.32962353743
-3563.32962353743
-3563.46954637569
-3563.64943486918
-3563.64943486918
-3563.64943486918
-3563.00653132701
-3563.00653132701
-3564.11164253251
-3568.3248599512
-3567.53744213374
-3569.72162720055
-3573.75649179151
-3564.65038984127
-3564.65038984127
-3564.65038984127
-3564.65038984127
-3564.6378114965
-3564.6378114965
-3568.64370574122
-3566.78731530786
-3566.78731530786
-3564.01644736209
-3564.01644736209
-3563.84944438575
-3564.68737199076
-3564.25163559085
-3563.81457319605
-3563.81457319605
-3564.67311990277
-3566.41952035246
-3566.41952035246
-3566.41952035246
-3566.41952035246
-3566.41952035246
-3566.94047321784
-3564.76622837496
-3563.87154542565
-3563.74611016215
-3563.7539020962
-3563.92844415885
-3565.49486688082
-3568.66039390187
-3576.370056139
-3571.04564344191
-3567.35263816323
-3578.40724438234
-3565.54851579727
-3565.54851579727
-3564.52481274388
-3564.52481274388
-3564.29989987364
-3563.9090657798
-3563.9090657798
-3563.9090657798
-3563.9090657798
-3564.4196622142
-3564.4196622142
-3564.4196622142
-3566.09829276571
-3566.09788250866
-3566.09788250866
-3566.09788250866
-3566.64936999016
-3566.92810343656
-3566.83555728273
-3567.49230209212
-3572.39796024198
-3571.52031012288
-3568.67232248281
-3568.1837769127
-3565.00156753486
-3565.00156753486
-3573.09165947501
-3565.855224521
-3566.07330722553
-3566.19267679284
-3565.92598981031
-3567.64183857085
-3565.57110389654
-3565.57110389654
-3565.18100049144
-3565.18100049144
-3568.84923526531
-3568.10583731275
-3566.02910480361
-3566.02910480361
-3566.02910480361
-3566.02910480361
-3566.03616486449
-3566.03616486449
-3565.93605999883
-3566.31190369648
-3568.69999712728
-3570.24352114854
-3566.56378823642
-3565.73141516722
-3568.90312463151
-3568.90312463151
-3568.90312463151
-3566.79437283103
-3566.49518920876
-3571.87540485575
-3565.82158590258
-3565.82158590258
-3565.31601256084
-3566.22039554671
-3568.7696513788
-3568.7696513788
-3571.5208035646
-3572.55211654231
-3570.24435307987
-3571.65590010075
-3568.51206926409
-3567.81026050318
-3567.81026050318
-3567.14573325267
-3566.38148731973
-3566.37278257445
-3566.37278257445
-3566.01935632844
-3566.01935632844
-3566.31593291732
-3566.29848943263
-3572.10205521843
-3568.51017431734
-3568.51017431734
-3568.51017431734
-3567.2996584437
-3567.19010474307
-3567.20099926774
-3573.88694569074
-3566.12618907784
-3565.85071112603
-3565.85071112603
-3564.58195990556
-3564.51311592324
-3565.62747446717
-3575.16207598244
-3564.2034911475
-3564.2034911475
-3564.41989395561
-3565.75516052247
-3572.84967862347
-3567.11117511444
-3564.39874570865
-3565.12231780629
-3565.37002647224
-3565.12824524227
-3565.12824524227
-3565.01069905082
-3564.65497763609
-3564.32353786037
-3564.9670781235
-3566.26170190372
-3566.10091567486
-3565.68370028932
-3565.68547777745
-3566.29017474866
-3565.87776273059
-3565.87417655561
-3568.12673171211
-3564.10061709123
-3564.39306998395
-3564.34484017611
-3564.34484017611
-3564.84325960903
-3564.41159909066
-3565.21766114285
-3565.21766114285
-3565.621280419
-3564.98102657046
-3566.97893269704
-3566.97893269704
-3565.98128204547
-3566.18131969099
-3565.60067578728
-3565.66292251407
-3564.81602217463
-3565.16408808389
-3567.8814036642
-3565.651690883
-3562.71847646229
-3562.16981803124
-3562.16291711961
-3562.62282120157
-3564.05504856748
-3563.75664138745
-3564.18024577352
-3563.77254588468
-3563.77254588468
-3564.20401895104
-3566.44381544171
-3566.44381544171
-3565.4207181081
-3565.4207181081
-3571.71410984469
-3567.66490654602
-3566.18279804384
-3565.85957043214
-3565.85957043214
-3564.43472530465
-3565.71751677045
-3563.85962364678
-3563.85962364678
-3564.64405303415
-3564.64405303415
-3564.68455242925
-3568.41234005289
-3567.78940413943
-3571.23171482588
-3571.27242548435
-3570.65787666108
-3573.76970503778
-3572.75573823931
-3570.74835267031
-3570.97871056798
-3570.20082364838
-3565.74612444235
-3564.71264837223
-3564.71264837223
-3565.90723955459
-3565.90723955459
-3569.05416914281
-3566.6469123509
-3571.1446143283
-3567.1860202356
-3565.32803324
-3566.15373284081
-3572.00995498783
-3565.44169099817
-3565.32274391247
-3565.79454793752
-3564.27148994827
-3564.0449625094
-3566.37255906866
-3566.66868915261
-3565.48349600701
-3565.48349600701
-3565.48349600701
-3565.48349600701
-3565.26548768744
-3565.26548768744
-3565.07682494858
-3566.10031576184
-3565.54755490055
-3565.53167730665
-3568.08166142453
-3565.05745221791
-3569.63680913414
-3570.26286103481
-3570.26286103481
-3568.69865252199
-3568.69865252199
-3567.26373341346
-3567.26373341346
-3566.06162489181
-3566.06162489181
-3566.06162489181
-3566.49318958956
-3569.6834742935
-3564.16555221305
-3564.98417936514
-3566.10981091694
-3566.85925325412
-3565.75619377464
-3570.69239317731
-3570.69239317731
-3568.50949991729
-3567.23286331863
-3567.41935192291
-3571.78473077303
-3571.08915770178
-3569.24809462116
-3569.63024248857
-3572.27739042273
-3571.29579961743
-3569.4266531805
-3570.2080413338
-3569.38221980371
-3569.61935567274
-3570.57639833518
-3574.74107605365
-3569.55401897467
-3577.65141365807
-3568.28978951894
-3570.78437689115
-3571.98998766101
-3567.72626826729
-3566.16761840717
-3566.16761840717
-3575.97795549123
-3567.1189832264
-3567.76652743532
-3567.21907099887
-3568.03281670544
-3567.82720349842
-3567.60324755269
-3568.2938769102
-3569.42782190508
-3568.09884114606
-3568.48153043244
-3568.93679192296
-3569.90094265512
-3570.13079380571
-3567.67350545828
-3567.71573854071
-3568.68492232848
-3569.27608315293
-3572.00603973691
-3566.24171265228
-3569.88619363622
-3568.62088403024
-3566.82584162907
-3565.32591980111
-3565.55110515863
-3566.03845325417
-3565.41440761226
-3565.41440761226
-3565.58901138308
-3566.38591361884
-3565.01601769865
-3564.1812689722
-3565.27284365968
-3564.83043156976
-3563.80703447987
-3563.80703447987
-3563.79510087192
-3564.77290814221
-3564.77290814221
-3565.55774583393
-3565.33796080879
-3567.65829976852
-3568.11428222915
-3567.7590983132
-3569.44352739565
-3567.69501790144
-3566.56117036378
-3567.78801031948
-3567.28913480582
-3571.58389147588
-3571.52961167098
-3567.51230201083
-3574.11816332478
-3565.90507254165
-3567.26102136228
-3567.07594900442
-3566.19579089201
-3565.28143100426
-3567.01663406231
-3567.01663406231
-3567.01663406231
-3565.79813182836
-3566.69717515041
-3568.78911892409
-3569.07692728374
-3566.58113134537
-3564.55283817157
-3568.10391477969
-3568.10391477969
-3567.62048483707
-3567.97312236911
-3566.07132479598
-3566.00097770735
-3565.27534691542
-3565.25731028293
-3564.03559174542
-3565.1675646967
-3564.30253907567
-3564.77331760488
-3564.80902626228
-3564.96069559213
-3564.99850625245
-3564.88153787621
-3564.88153787621
-3566.07431989816
-3568.10078072775
-3566.33619499766
-3567.50123426314
-3565.94983654262
-3566.19795599887
-3565.34302965137
-3566.35598474586
-3565.42716387736
-3566.62751845745
-3566.87762840789
-3565.79926912199
-3567.02939786593
-3568.77906241625
-3566.47204484359
-3565.90571298457
-3565.52503278343
-3565.94266901984
-3566.84172426083
-3567.1056833736
-3567.48249191457
-3566.51684967297
-3566.19829079177
-3565.86467584068
-3568.40589172898
-3567.76744349849
-3567.13967276199
-3566.25416677772
-3567.97923499217
-3567.2062713009
-3567.56127309628
-3567.20424123926
-3567.39588769513
-3568.14420068601
-3568.62760661649
-3568.14386844026
-3570.8797139846
-3568.26628779404
-3569.17980615322
-3566.64364023437
-3566.64364023437
-3570.69589203135
-3570.97668245066
-3569.00744919513
-3568.28988293365
-3569.31787227665
-3570.80573815261
-3571.02318802256
-3574.33473336464
-3570.29656977712
-3571.05782587517
-3567.98770056284
-3567.31185058198
-3568.05777568105
-3567.76064940309
-3564.548714923
-3563.75996385301
-3564.28182353157
-3565.48255603002
-3565.36001219215
-3566.41133544309
-3564.42030251764
-3564.75460358102
-3563.99320494631
-3564.26494276462
-3563.80556198397
-3564.28946733385
-3564.00993915029
-3562.97236165703
-3562.97236165703
-3563.19089440876
-3563.49491816578
-3562.50106330566
-3562.39051810285
-3562.24270709042
-3562.24270709042
-3562.24270709042
-3563.55421374131
-3563.67437536765
-3563.67437536765
-3572.42105580074
-3564.28691819992
-3563.76857149943
-3564.79954472962
-3566.24033152991
-3564.70534922735
-3569.95767051751
-3565.01564403575
-3564.50274122749
-3563.96937800497
-3564.38589784067
-3563.11125761843
-3563.11125761843
-3563.47796209789
-3563.47796209789
-3563.88866125194
-3563.20530755546
-3562.80787336038
-3562.80751734556
-3562.8395637808
-3562.8395637808
-3563.47729237145
-3563.99947347305
-3563.99947347305
-3564.30752136223
-3564.30752136223
-3566.97985016832
-3565.53245045743
-3563.381257216
-3565.50106495734
-3566.65915819999
-3566.20385611605
-3566.20385611605
-3563.69467363335
-3563.7526024324
-3568.22921397902
-3568.76626785258
-3571.13339978064
-3569.27980876178
-3571.28207544745
-3570.40943289856
-3569.31795467339
-3569.62668185455
-3569.67712365918
-3569.70197779492
-3568.59746774825
-3568.34521967264
-3568.94910289964
-3568.90595762835
-3569.04287907466
-3569.88979832186
-3569.90916551035
-3570.66573904496
-3569.37372496492
-3569.35227372971
-3571.68536341525
-3570.68676974575
-3572.14749562277
-3568.92039643391
-3569.373136737
-3568.13969538342
-3568.80409087224
-3568.89151020692
-3572.59663694995
-3570.60065013924
-3569.85270528416
-3570.56718973774
-3570.56718973774
-3570.56718973774
-3570.56718973774
-3572.73867259961
-3573.35636991213
-3574.28328171825
-3580.35205783463
-3572.79792531064
-3573.91246297366
-3574.17385773531
-3572.15012027456
-3575.49823560669
-3574.28580211985
-3575.53439055494
-3574.05499095622
-3570.83162247072
-3571.16692929696
-3567.5721883472
-3567.5721883472
-3566.33894236077
-3566.33894236077
-3565.76103269817
-3564.30606238034
-3564.30606238034
-3564.39355302085
-3562.30914472542
-3562.82135045923
-3562.89751521248
-3562.89751521248
-3562.76643153293
-3561.79899329746
-3562.04362165733
-3562.04362165733
-3562.04362165733
-3562.48002616589
-3568.54311998091
-3563.12076050639
-3566.32358931774
-3565.9724752674
-3565.00861947288
-3565.69035241922
-3566.08416877765
-3566.08416877765
-3564.41826374929
-3564.41826374929
-3565.72982583716
-3566.7349264701
-3568.66423114672
-3576.80196389201
-3568.42402526204
-3568.42402526204
-3567.25444600299
-3567.25444600299
-3575.08130530744
-3567.61397021619
-3568.32023678048
-3568.32023678048
-3567.3988741146
-3565.20070065868
-3565.20070065868
-3565.68870830772
-3566.29264141983
-3566.29264141983
-3567.93097330234
-3567.62844242122
-3567.62844242122
-3567.62844242122
-3566.77593979419
-3566.96368061879
-3566.32978897509
-3566.32978897509
-3566.32978897509
-3565.86533807264
-3565.86533807264
-3566.24544900091
-3565.22738844451
-3567.3862028045
-3566.10806583809
-3565.14528345184
-3567.43682540761
-3568.12140302185
-3565.9481128229
-3567.9553628343
-3567.29007631499
-3565.14381325145
-3565.14381325145
-3565.14381325145
-3565.14381325145
-3565.14381325145
-3565.14381325145
-3565.14381325145
-3565.14381325145
-3565.17745532316
-3565.17745532316
-3566.68650265836
-3566.68650265836
-3580.23735213557
-3566.36284152032
-3571.71516464215
-3566.58150091574
-3571.71516464215
-3571.71516464215
-3567.71579884254
-3567.22436526282
-3568.7094679746
-3571.36585317219
-3574.67687544961
-3571.68160041347
-3571.37722482214
-3571.17628328859
-3571.32902378168
-3571.28380429062
-3570.97080121888
-3569.3541253582
-3569.69682340001
-3570.00337518335
-3569.23216920202
-3572.19626708561
-3569.98223797744
-3571.78826401787
-3571.78826401787
-3569.98269172942
-3571.59720655652
-3568.10544240574
-3567.12827104959
-3566.24978335963
-3566.6539051827
-3566.83109398019
-3566.65650653965
-3567.26919198202
-3569.64027635202
-3566.94680441442
-3570.40097885448
-3570.11647409689
-3568.89935676281
-3567.13185090316
-3567.53825203603
-3566.20000207092
-3564.83622169962
-3566.391790091
-3564.90470411621
-3567.91152140974
-3564.93133482593
-3565.76816481678
-3566.00447633694
-3567.18261531518
-3565.1803236394
-3565.83812277075
-3565.92297072438
-3565.73939644801
-3564.88571504945
-3564.16249198755
-3564.71599505488
-3570.58785468983
-3568.08975774172
-3565.57283694682
-3564.58023556603
-3564.91673260385
-3565.89900414712
-3565.13555108619
-3569.22385200973
-3572.87146352672
-3568.95525657421
-3567.3211030457
-3567.17132968192
-3566.09056992726
-3570.12113359428
-3565.78505987023
-3566.59847504974
-3566.4331072454
-3569.75885838753
-3564.47539581106
-3565.37299020277
-3571.27439001012
-3566.50782566017
-3571.51492433991
-3570.64365691639
-3566.10002249557
-3566.0525127914
-3564.79664384595
-3565.24074443315
-3565.24074443315
-3565.27784648828
-3564.73730999747
-3565.40091726459
-3565.01569914908
-3564.86550958474
-3565.06942601115
-3565.6913783274
-3566.23528984582
-3563.86032434698
-3564.41929686844
-3564.01331884382
-3564.36482074694
-3564.36482074694
-3564.68949688092
-3565.53622121388
-3563.6897350974
-3562.86830018833
-3564.67232906385
-3562.02265011682
-3562.96069997859
-3565.51296758272
-3565.41022765487
-3565.29373400403
-3565.55999106478
-3562.58069162934
-3562.72054326891
-3565.55689523852
-3564.00450417612
-3564.28699625887
-3564.62862614667
-3563.16303811074
-3563.40230916453
-3567.57699113644
-3563.78993733493
-3562.41444471463
-3563.75770523425
-3565.63043942827
-3567.26326228819
-3565.06335833747
-3565.30061934334
-3565.21759338227
-3568.15980873503
-3569.95581151314
-3566.39137606716
-3564.40480450918
-3565.39664364733
-3565.17606725678
-3564.7491997781
-3566.29017032304
-3569.1412904833
-3567.81424778452
-3568.91642426617
-3566.9841215092
-3569.38886167443
-3566.5905385682
-3567.85856129388
-3567.72119268359
-3566.24688129828
-3565.04016749069
-3565.15467518195
-3567.57016574782
-3566.12025130672
-3569.38604590797
-3568.58835510949
-3565.79395719072
-3565.34083368866
-3565.44765331121
-3578.62711215917
-3565.2839591426
-3566.78675544509
-3568.47200334905
-3567.52404104397
-3567.49733039532
-3568.32415960662
-3571.4455201151
-3567.88697395069
-3575.74608922403
-3569.41233072332
-3567.32896027618
-3567.77062369169
-3569.26602108562
-3572.08660402204
-3571.12835046474
-3573.39749616047
-3568.72439760854
-3568.60116838717
-3567.54711353428
-3568.07735265351
-3567.53551455108
-3569.58937400269
-3571.41127113607
-3570.14748563991
-3566.65796325414
-3566.99799198501
-3569.70126708467
-3571.42169823815
-3569.33591040489
-3570.524432039
-3570.80448837246
-3567.3595984626
-3567.30870534387
-3570.54274915765
-3570.71886953842
-3570.19229368386
-3571.66275528803
-3570.468184384
-3568.77800201252
-3569.8981106016
-3571.64402827744
-3570.84696315564
-3571.20902928179
-3570.16433123442
-3569.18672389152
-3572.52651537596
-3569.86322672474
-3569.79570857743
-3570.39900240761
-3572.70456700964
-3569.50204443563
-3569.73011777542
-3569.88945574919
-3570.34777312632
-3572.75690363757
-3571.88113307633
-3573.55253347924
-3571.53215371512
-3570.71661837767
-3570.89590474679
-3572.10899552433
-3572.53358451112
-3573.24162825798
-3573.97128945095
-3574.73228498728
-3573.7564606231
-3573.30870775953
-3574.1417243304
-3570.66937174322
-3570.5074787129
-3569.1619951925
-3568.02312325731
-3572.28909041385
-3572.28909041385
-3572.2928590308
-3572.2928590308
-3579.04034364649
-3573.75028454779
-3570.02424405392
-3570.69034409861
-3571.11019972814
-3569.84682520544
-3570.98808011931
-3572.56527040506
-3578.77831437339
-3578.77831437339
-3575.99174529287
-3573.89000024699
-3576.15214498706
-3580.66255589058
-3574.49233724774
-3574.83455165552
-3573.59905188693
-3573.9444845581
-3575.54262216442
-3575.37541033594
-3575.75091338913
-3571.31003597642
-3573.48697801184
-3573.46261506079
-3575.08828277288
-3576.24673419905
-3577.03002469092
-3573.31218471078
-3572.16632569733
-3572.35332861882
-3580.36271829918
-3570.44688063099
-3569.68679953578
-3570.72559218382
-3570.54530898259
-3569.94503927072
-3568.95741519858
-3569.96607128508
-3574.28005226784
-3571.91843214533
-3574.83991108254
-3571.36145761517
-3571.10967402876
-3571.52716455143
-3572.54106834547
-3571.50725433041
-3570.08595365027
-3569.44443435644
-3568.32673342943
-3568.04007628226
-3570.7148946496
-3568.68980795473
-3568.7065391649
-3571.28160608809
-3572.77597565595
-3569.73623193724
-3569.82653562748
-3569.55344331165
-3569.56937189358
-3568.80523681648
-3568.78758107751
