"var1"
-3553.82651477535
-3552.55662707912
-3554.49765895028
-3551.74802022463
-3551.95977172364
-3549.44917296168
-3549.19395776101
-3548.38271178879
-3551.60469763956
-3553.21887318876
-3552.81465487157
-3555.2669731254
-3553.59329548213
-3553.6108584217
-3554.3554749473
-3559.05377332539
-3557.36468227966
-3558.89074502847
-3559.10833835456
-3556.78599303309
-3557.06511416947
-3556.21057030286
-3554.43328590709
-3554.13743429702
-3553.14088976327
-3553.28730679379
-3553.28730679379
-3553.51127902536
-3554.47212929814
-3552.81565988462
-3551.88446548529
-3553.46870357045
-3554.42771063028
-3554.95498468014
-3555.72721252755
-3555.75926422015
-3556.60346639836
-3556.60346639836
-3555.01146181943
-3555.14421880661
-3553.13933272963
-3554.6097958183
-3554.40986400794
-3550.48315021773
-3554.55187363666
-3549.45968211871
-3550.13446170338
-3549.69783707679
-3550.7562588447
-3549.97554883467
-3550.8530063339
-3550.20643642303
-3549.78102211664
-3548.04656872279
-3548.04656872279
-3549.63404171437
-3551.99439509859
-3551.48610280011
-3551.64140331612
-3551.2871552308
-3550.58325263061
-3550.58325263061
-3550.52014877794
-3550.12544750212
-3550.48872610935
-3551.63097079648
-3551.46781959998
-3552.87814161017
-3557.49294693356
-3552.2878321597
-3551.0293605764
-3556.42448786355
-3551.83442253497
-3552.70447179541
-3550.69518505495
-3552.45209676933
-3556.23078828727
-3548.95166508465
-3547.44976758641
-3548.30584248308
-3549.48862217735
-3549.01012943121
-3548.13474875454
-3546.97286135295
-3548.51262912322
-3547.5928662577
-3547.42183145358
-3546.97375938391
-3548.05963971865
-3549.48275394032
-3549.48275394032
-3553.37751547529
-3549.18958486412
-3548.94823335127
-3547.12326635047
-3546.1350084647
-3550.2033710017
-3549.345074203
-3551.15212757413
-3554.06091879897
-3549.11725455104
-3549.11725455104
-3552.91960713277
-3551.31602898711
-3549.66777747046
-3546.55106459416
-3546.88225916277
-3547.78627952411
-3545.88302573328
-3545.47993226727
-3545.81079135559
-3547.70273721703
-3545.92737642073
-3545.92737642073
-3545.6678563287
-3545.0234280734
-3545.17403445601
-3547.25266620286
-3545.77952539401
-3545.77952539401
-3545.42382181754
-3547.2634939868
-3547.89975400963
-3548.54416247868
-3548.74226860978
-3549.97198853735
-3548.08711546964
-3546.60680692272
-3546.43467409302
-3546.16272636137
-3548.65796906122
-3548.87897585737
-3545.33421224229
-3545.6126616317
-3545.11811303139
-3545.16534691933
-3545.03355300674
-3548.18409549331
-3549.54794695349
-3544.97487850657
-3545.25073975063
-3544.94280332351
-3544.05028880388
-3544.29871321294
-3543.39656949096
-3543.51769407929
-3542.52441549341
-3544.24589634277
-3546.13761621767
-3545.97370108247
-3545.97370108247
-3545.154984026
-3545.1728444453
-3543.75279803344
-3543.75279803344
-3544.97055683573
-3544.97055683573
-3545.76167417298
-3544.71692606921
-3545.78309483157
-3545.52534516016
-3544.3614815754
-3544.14633526506
-3543.98290422756
-3543.98290422756
-3543.98290422756
-3544.97625895917
-3544.97625895917
-3543.62771780498
-3543.62771780498
-3543.62771780498
-3544.03707650387
-3548.6469451225
-3550.07026241342
-3546.42166483512
-3546.62976592526
-3548.41435299131
-3546.14187278977
-3544.04854217427
-3545.74065763583
-3546.57524598388
-3544.7868287077
-3545.76115213415
-3548.55362731451
-3545.10087710889
-3545.10087710889
-3545.56988143861
-3544.82205581215
-3545.92620461052
-3544.68053737595
-3545.52686394955
-3544.99987261768
-3544.95744243892
-3545.18562291055
-3545.81422891991
-3548.18092421258
-3546.64754097594
-3545.5232271122
-3544.73139357929
-3544.98757722188
-3544.80742813487
-3547.8825550553
-3545.39384596178
-3545.20353858318
-3544.30573593572
-3545.32030889442
-3546.53277799559
-3546.51383495014
-3542.12640194176
-3542.95825157509
-3542.95825157509
-3542.81629724356
-3543.03879373783
-3542.65255346888
-3541.66175745414
-3541.66917355039
-3542.18352404258
-3541.44248358278
-3543.00821030381
-3544.40778033167
-3543.58099368555
-3546.03280213263
-3544.33235322111
-3549.11663298472
-3547.84442999934
-3546.78935066384
-3546.51788420387
-3545.52875039954
-3547.41715828302
-3548.34304971904
-3547.39331086699
-3547.32055947707
-3546.42893173079
-3546.80106164137
-3546.80106164137
-3547.29542039257
-3547.54833849989
-3547.90577151232
-3548.04066964239
-3547.80451813138
-3547.61825869833
-3548.14983420512
-3548.14983420512
-3548.14983420512
-3547.94428700348
-3548.84215675688
-3548.84215675688
-3549.4346125201
-3554.42585932253
-3549.70861166907
-3548.10074816705
-3545.69194136778
-3545.69194136778
-3547.08690171631
-3547.54010378717
-3547.54010378717
-3548.09112361462
-3548.09112361462
-3548.09112361462
-3549.28985214168
-3549.28985214168
-3548.5899597862
-3546.17486913874
-3547.26827292677
-3547.26827292677
-3549.09683439913
-3546.74473212874
-3551.17705272575
-3548.44074434042
-3552.04098070765
-3548.66876318769
-3548.04506801356
-3549.40522594047
-3549.68989247612
-3550.74562037635
-3551.30885185713
-3547.87365548407
-3548.51075377524
-3547.41827744113
-3547.85040904498
-3548.30662289476
-3548.52799321923
-3548.04398600203
-3548.6873004902
-3549.26546399816
-3548.49085029613
-3548.80046239848
-3551.27078311931
-3549.72218225326
-3548.56110017971
-3548.41050993427
-3548.41050993427
-3548.41050993427
-3549.28619532502
-3550.27317194588
-3549.77680325238
-3548.14973474014
-3549.01486701194
-3549.01486701194
-3545.96208643709
-3547.8866414079
-3547.22556011624
-3546.73475847717
-3546.30791751808
-3545.90849997191
-3545.71857955353
-3546.34906066804
-3547.05552581681
-3548.21860329262
-3546.76908663683
-3545.6772124733
-3544.96460103212
-3545.10200463037
-3546.18757353919
-3547.19177974784
-3544.81925446123
-3544.43093317802
-3544.43093317802
-3543.60700974451
-3544.65001007719
-3545.51904210928
-3545.66674901282
-3545.8610804388
-3545.8610804388
-3545.58080287927
-3545.85802898301
-3545.4935582472
-3544.65599339619
-3544.79188406246
-3544.75153968535
-3546.7261756415
-3546.7261756415
-3546.7261756415
-3543.34292722686
-3543.34292722686
-3543.3155410473
-3544.7999461207
-3544.15153530691
-3544.4847181116
-3544.41908404587
-3544.54226338946
-3543.56470599832
-3543.56470599832
-3546.48406492057
-3544.43685090917
-3544.43685090917
-3545.15014514899
-3543.9057862837
-3548.36131059756
-3545.98406501476
-3545.98406501476
-3545.98406501476
-3544.48912802976
-3544.2243104848
-3545.97901629027
-3544.35465530334
-3544.36897219992
-3547.49471723083
-3546.84209700682
-3545.94866413499
-3546.20146727924
-3545.58800039782
-3546.08245819697
-3546.08245819697
-3546.08245819697
-3546.22958125386
-3546.22958125386
-3547.35069434315
-3547.35069434315
-3549.08616836631
-3549.46562654115
-3550.11219063372
-3548.65635053044
-3548.12885329538
-3548.64304434928
-3546.69993652207
-3547.24034668601
-3545.45765677061
-3547.2672391731
-3547.2672391731
-3547.01685150447
-3548.14636721625
-3548.14636721625
-3547.18561073639
-3548.5586100225
-3551.5122721281
-3548.37298817058
-3549.00853467684
-3547.11781022384
-3547.11781022384
-3547.41769073425
-3547.41769073425
-3547.35818893859
-3547.30245726946
-3548.76858088215
-3550.61630336841
-3547.39108001288
-3546.70703071844
-3547.7938261615
-3547.83371820136
-3546.4364068037
-3548.09275520712
-3547.91451223121
-3549.43747535993
-3550.17303280979
-3551.23142625726
-3552.1411776675
-3549.65294483951
-3545.51291327698
-3545.60352991286
-3547.75143983959
-3546.7476964809
-3546.70666971143
-3546.89897776209
-3546.4928177981
-3547.31411800274
-3547.31411800274
-3547.31411800274
-3547.31411800274
-3547.19365332745
-3547.27824190821
-3545.82888830217
-3545.59253645588
-3548.25516940313
-3546.42007919889
-3545.74414055465
-3543.93574439085
-3547.17634967458
-3546.62028971379
-3547.26113755703
-3547.16965875097
-3547.52906560665
-3547.20643487509
-3547.04045901046
-3547.04045901046
-3547.04045901046
-3547.54238491618
-3547.03581670482
-3549.97897910971
-3548.84651432519
-3550.913931119
-3550.62785023726
-3552.86897578767
-3551.72034548116
-3559.36207964732
-3553.45737824652
-3551.2815451279
-3552.63248221908
-3552.1968844327
-3554.37071359412
-3552.29059116377
-3553.94085390722
-3558.91826856388
-3555.76066121693
-3555.94814755252
-3556.11315621676
-3553.84717211051
-3554.60467442206
-3552.59014478343
-3552.59014478343
-3551.37293266642
-3550.53601653302
-3549.93192591355
-3550.52740693486
-3549.08426232064
-3549.08426232064
-3549.04834600464
-3549.01829376765
-3549.56802814674
-3548.61983209798
-3545.52835943139
-3545.52835943139
-3545.52835943139
-3546.27328832609
-3546.00058015355
-3548.01814219589
-3545.36463692417
-3545.530407848
-3547.00308622826
-3545.8017316878
-3545.8017316878
-3546.48008162146
-3547.10048171181
-3547.09327935137
-3546.05146923493
-3546.05146923493
-3550.22023572539
-3549.91809180959
-3549.61563653572
-3549.07395097529
-3549.07395097529
-3551.01386929236
-3549.54577618003
-3549.51934353212
-3549.51934353212
-3549.51934353212
-3547.42755492713
-3547.42755492713
-3550.3134212619
-3548.93709708179
-3548.93709708179
-3550.01267497804
-3548.90855798585
-3550.63638712632
-3549.40006978828
-3552.6937538433
-3554.19531516864
-3552.14022953945
-3552.65429587003
-3553.30685739809
-3548.74045008553
-3550.31913689496
-3549.35715181132
-3551.60920915272
-3549.63728455516
-3550.70943005671
-3549.75139939223
-3552.50382217832
-3549.22241601214
-3547.72145997409
-3549.42061113425
-3550.99169532006
-3551.49915056986
-3556.135850388
-3550.93961456764
-3553.80540144219
-3554.29329631432
-3554.34778809164
-3551.95194718759
-3554.48580804479
-3553.08076383708
-3552.49664615162
-3550.80986603189
-3550.80986603189
-3555.35534828268
-3550.87404512707
-3550.66843415456
-3550.24895884157
-3552.03249048577
-3556.0690027283
-3557.87353419281
-3558.80368932713
-3555.11605533619
-3553.8701826708
-3552.46250220439
-3553.27558190093
-3552.01633664802
-3551.56126661832
-3551.84944207463
-3552.34032836755
-3553.68003518406
-3554.64644122937
-3555.15099502799
-3554.28867499932
-3554.73627629991
-3554.21735623307
-3554.85989223853
-3554.22734864681
-3558.85203663895
-3559.82622932331
-3559.75580216982
-3558.21954171301
-3551.98127036642
-3551.47184230531
-3552.54055398565
-3551.39951247253
-3551.57591144345
-3549.48533668824
-3549.22679812537
-3549.24794041767
-3551.53018846981
-3549.49460809608
-3550.19701180751
-3550.24605713277
-3549.44333829406
-3552.71526996055
-3550.27465211962
-3551.74631546747
-3553.2576365781
-3550.18523296077
-3548.61423831962
-3549.66531957822
-3548.9445068841
-3550.66101308206
-3554.1290384267
-3549.64156735849
-3550.05376221092
-3550.58356086586
-3550.57306647217
-3550.78926437519
-3551.90698274688
-3555.17990629843
-3550.55411310495
-3549.1447574496
-3550.0866084992
-3548.85435351234
-3549.03415886336
-3548.09615750357
-3548.35314887246
-3551.45059822335
-3554.36634890085
-3550.32762690113
-3549.39147820485
-3549.49394560859
-3547.47122667036
-3549.39495240856
-3549.52891681866
-3548.78398780563
-3546.8592640188
-3548.96361968432
-3548.43220777225
-3550.98649719457
-3552.51117825247
-3551.29152313583
-3548.96185029549
-3555.87141461298
-3550.64319767377
-3555.26839498566
-3555.35540180678
-3551.42717388149
-3552.37911085849
-3552.12636821215
-3552.71001165558
-3551.89926012643
-3550.3323527486
-3552.41754504895
-3552.36084228519
-3551.96263262997
-3550.16846272144
-3549.29609842987
-3549.65239177431
-3550.75570622093
-3549.55825376652
-3550.92293004517
-3550.8467069423
-3551.74826303599
-3553.59215423365
-3553.59215423365
-3554.44732392366
-3550.90408905884
-3552.42380667152
-3557.098510783
-3554.41607224074
-3553.1270206533
-3553.59880033781
-3556.51573938204
-3550.35770756073
-3550.35770756073
-3552.71718556972
-3552.67684136937
-3550.62265437228
-3550.16100841417
-3550.04441449472
-3548.89987606732
-3549.45541899374
-3549.45541899374
-3548.60776599315
-3550.35657412653
-3550.70706863444
-3550.27115605684
-3555.46112837518
-3553.06471475888
-3554.36647496557
-3555.64363657351
-3554.37616992079
-3553.90237070765
-3555.56883369727
-3552.13923664312
-3552.65636811133
-3554.87368512824
-3552.41520361221
-3554.93374567787
-3553.51504625916
-3556.02249589865
-3556.99436821402
-3556.31621865252
-3556.17164759563
-3557.0646723382
-3553.46575614752
-3552.10694794423
-3552.42399890817
-3551.82686094407
-3549.25667360036
-3545.71648711193
-3545.71648711193
-3548.01327659305
-3546.33788301055
-3547.01410149094
-3547.21751328707
-3546.85571942642
-3546.87399515528
-3546.76986272768
-3546.28176300941
-3547.21045673017
-3546.59046526591
-3547.35831939873
-3551.41655202875
-3550.37331903745
-3550.75606654538
-3550.20079780872
-3550.98110777188
-3549.5527453567
-3549.72187780438
-3550.8902755868
-3548.99767672085
-3550.42703813521
-3553.0599901821
-3557.03163989235
-3548.37532111667
-3547.7161465093
-3552.95311993569
-3552.2866548412
-3551.0542271955
-3551.10928985669
-3551.88073210436
-3559.57746325141
-3553.58240343665
-3559.68171918127
-3553.26445920734
-3551.59416322232
-3550.84921130544
-3549.64841108336
-3556.40202981586
-3554.73486213285
-3555.14611824768
-3555.39800798978
-3552.92344666426
-3553.08980556937
-3553.01701212622
-3553.08768333209
-3553.85727820913
-3552.4856766541
-3552.01968206207
-3548.71575060927
-3552.75809507007
-3556.84136151444
-3552.1797422407
-3555.96040776983
-3553.25076447792
-3554.14013274124
-3556.94882199185
-3551.43353392611
-3555.70662246172
-3553.69600951623
-3554.23563547177
-3549.47879267171
-3550.45425047564
-3550.8493584177
-3552.55877243309
-3549.4557588257
-3550.1801814388
-3549.24686150863
-3550.67503549352
-3549.62109196344
-3549.62109196344
-3549.71247939259
-3549.94929684177
-3550.55267087355
-3546.95767574967
-3548.2420992202
-3545.35168562305
-3545.35168562305
-3545.35168562305
-3545.35168562305
-3545.35168562305
-3545.35168562305
-3545.78255554434
-3548.24854069054
-3548.79350303221
-3551.72893480832
-3550.26625991788
-3549.87042363923
-3550.25941046152
-3549.32373839929
-3552.48500103265
-3550.58993237113
-3551.01280921518
-3554.73774907078
-3553.15785023083
-3548.61603237007
-3548.61603237007
-3549.92779953747
-3551.39528463125
-3552.00358977432
-3549.96854222927
-3553.69656112441
-3556.28565919051
-3555.97372442416
-3552.50969859737
-3551.46720675862
-3550.69649137025
-3550.69649137025
-3550.69649137025
-3550.69649137025
-3551.05595438966
-3550.78082221076
-3552.15848431481
-3558.02239971103
-3558.57113167636
-3552.70797439226
-3552.70797439226
-3552.70797439226
-3551.24980578647
-3551.24980578647
-3551.24980578647
-3551.24980578647
-3556.29172130172
-3552.24513166819
-3552.53504789483
-3552.99737388637
-3558.44752492987
-3554.17671309568
-3554.17671309568
-3552.30420226306
-3552.30420226306
-3552.21220511199
-3555.1749366294
-3553.81443765319
-3553.26861764685
-3553.23128081117
-3551.46668106668
-3551.46668106668
-3551.46668106668
-3551.46668106668
-3556.84567452221
-3552.06063084378
-3552.06063084378
-3552.51416247372
-3554.08822181654
-3554.4289643227
-3553.71811215236
-3552.0534470231
-3549.45423613393
-3547.82779258378
-3547.65999237514
-3546.68938293922
-3547.12774034759
-3548.37683354698
-3547.59358742081
-3546.40592458424
-3546.40592458424
-3552.82590008664
-3552.82590008664
-3550.02186726328
-3550.22468373955
-3547.46608320479
-3548.04880179149
-3549.43055502339
-3546.35047570342
-3546.35047570342
-3546.35047570342
-3546.25601136134
-3546.36598230798
-3546.36598230798
-3548.1183007228
-3548.32627459329
-3552.07043342163
-3551.64773612136
-3546.02139766124
-3546.19899949404
-3545.51738744935
-3551.86221576183
-3549.57149117022
-3549.26925039405
-3547.56860112636
-3553.7351290196
-3548.5940342772
-3549.04908850093
-3549.7518919846
-3550.21018827783
-3548.7724827899
-3549.12506878039
-3548.00618244603
-3548.97628129736
-3549.91283189586
-3553.20874425233
-3548.45030423736
-3548.65724094477
-3548.97748080254
-3549.35659967224
-3556.51317173674
-3549.16099146258
-3549.057163698
-3549.65053260856
-3549.51786151852
-3549.88450610376
-3547.22891328959
-3547.66972242271
-3549.77082489755
-3546.67080869555
-3548.63795325015
-3548.90739565069
-3548.350512897
-3547.19843271477
-3548.34707955059
-3549.06853864258
-3549.06853864258
-3549.07603170634
-3550.61120898317
-3550.64318371737
-3550.46958570562
-3548.73006207335
-3547.75872609046
-3550.47839784771
-3547.78384894305
-3547.55898058635
-3546.03513370503
-3546.03513370503
-3546.03513370503
-3546.03513370503
-3547.06163093175
-3546.71478175033
-3546.99794364892
-3546.39688802581
-3547.00408746576
-3546.56993499361
-3546.10441423129
-3545.09244288258
-3545.95489856994
-3549.18230364368
-3545.91738214586
-3547.74210221267
-3544.15233904645
-3546.43742125973
-3543.22146266937
-3544.45026802904
-3544.77069393719
-3544.77069393719
-3545.35524235433
-3546.56026253288
-3548.17248213838
-3548.42945547284
-3548.29235811998
-3545.32367975245
-3552.77917395326
-3549.47020413521
-3545.55761211351
-3545.41699561124
-3547.05741975816
-3546.71704723024
-3547.78337755444
-3546.64403981743
-3546.61090803746
-3547.70253156729
-3548.45298855887
-3547.49337505892
-3546.37540141604
-3546.78619320675
-3546.13860449788
-3545.11213574286
-3547.32059802502
-3547.55378676821
-3547.80188767554
-3549.42960759958
-3549.17512965669
-3549.4849090013
-3552.79064417563
-3548.25064216007
-3548.25064216007
-3548.194487616
-3548.13158436861
-3548.80771440968
-3548.00902581159
-3557.76831362091
-3549.55069754947
-3548.7736130605
-3547.81887248161
-3546.43452863726
-3545.72297023467
-3547.48144125181
-3545.29828517338
-3546.31361917268
-3545.55487536217
-3546.47932759107
-3550.0468346931
-3550.60506069321
-3548.04309383703
-3550.44381211412
-3550.44381211412
-3558.44999722142
-3556.40364561537
-3555.35227278245
-3558.44482939577
-3557.42899091473
-3556.19707417634
-3555.89280726789
-3555.64262268663
-3556.32032131978
-3552.61811304667
-3551.46961622758
-3551.81659013947
-3556.62914270576
-3553.0675756958
-3550.29729727856
-3549.87228149526
-3550.51167642364
-3549.27777707827
-3548.81195064574
-3548.89946572153
-3548.72971407347
-3548.53256168481
-3551.42558349527
-3550.24474428269
-3549.79264823655
-3549.29571251482
-3549.29571251482
-3550.06715866092
-3549.47745028986
-3551.06775319223
-3550.8015429382
-3549.45230512617
-3554.14059806459
-3550.22919250796
-3550.22919250796
-3550.71355003152
-3549.02110876429
-3548.9967667985
-3549.35612427438
-3547.46511927767
-3547.33617969983
-3547.33617969983
-3546.35462165915
-3546.72188692301
-3547.06650420768
-3547.737785726
-3547.29987978235
-3547.83529294361
-3549.6688045378
-3549.08953646123
-3547.91647391416
-3548.87059599077
-3552.50381036369
-3553.40826321678
-3550.24927876534
-3553.05892904888
-3551.56769254307
-3551.50343174737
-3551.35031703537
-3553.23426839294
-3551.93156943714
-3552.33417533108
-3550.90989046775
-3551.53853910949
-3552.54912101607
-3553.21003112448
-3553.21003112448
-3552.82337920528
-3552.82337920528
-3553.62256495461
-3553.62256495461
-3552.3422812998
-3552.08941371907
-3551.9311802913
-3552.04435918121
-3552.04435918121
-3551.90903688867
-3551.90903688867
-3551.90903688867
-3551.80103503101
-3560.45588046241
-3560.45588046241
-3557.2839472449
-3557.2839472449
-3558.88603387158
-3556.81154631302
-3556.81154631302
-3557.90438848766
-3557.11629655511
-3554.30467754114
-3556.52720129678
-3555.5598222217
-3558.59261104502
-3556.10948438113
-3553.83561753159
-3555.69683518982
-3553.94038993171
-3554.89252555002
-3551.17724795721
-3551.3578785799
-3550.44718390743
-3549.8056160443
-3550.75898103327
-3555.02910150561
-3553.90770423006
-3552.62420964947
-3550.02842245335
-3550.96410864402
-3548.55438355637
-3548.09942644037
-3547.52233681471
-3551.47183584639
-3548.13220423803
-3552.82188846397
-3547.35334369743
-3545.78817779004
-3545.82262335518
-3546.59403423726
-3546.59403423726
-3547.01295467633
-3549.65996921469
-3545.28604226298
-3544.28503931609
-3544.88313633307
-3546.91169310878
-3549.06206463075
-3549.17048755431
-3547.38638357133
-3547.58135952498
-3546.21666839568
-3546.7263411083
-3548.83784724478
-3549.18161885596
-3546.57404104015
-3546.92276414367
-3548.16785812191
-3548.36672351473
-3548.36672351473
-3548.36672351473
-3548.36672351473
-3546.24680126922
-3546.24680126922
-3546.2391864861
-3551.07017429371
-3547.48301104499
-3547.48301104499
-3547.48301104499
-3544.61099707034
-3544.61099707034
-3546.37201299099
-3546.37178185985
-3545.54365504368
-3546.98679328042
-3545.87991135056
-3546.01649062834
-3544.39236716562
-3544.67299804598
-3545.13055092309
-3545.13055092309
-3549.27755916022
-3545.76255159258
-3547.00066162276
-3547.4646500761
-3548.50284699349
-3549.59453266621
-3549.68202615573
-3549.68202615573
-3550.69942007622
-3550.23837139163
-3550.51493231712
-3550.98955652365
-3548.31223980009
-3547.90034783433
-3549.02632089557
-3550.18445151839
-3546.28122936532
-3546.63217257124
-3547.18338286297
-3547.77287931201
-3547.77287931201
-3547.38026793662
-3547.13883532613
-3548.29389162018
-3548.29389162018
-3548.75352925628
-3548.74983340344
-3548.58009372955
-3548.39965792651
-3546.58590869203
-3546.15083995194
-3545.4491877983
-3544.28536198644
-3542.92168679203
-3542.97067509281
-3542.64849220802
-3544.37115352095
-3547.69361275614
-3545.58645353266
-3545.97280749724
-3548.51678192078
-3555.515399168
-3551.10002833524
-3547.36793612816
-3547.28232720609
-3546.04455770835
-3548.73194763648
-3548.38227508964
-3548.38227508964
-3547.17371321843
-3546.74373949274
-3549.67851247867
-3547.16666060505
-3549.23589826511
-3550.35607445795
-3550.35607445795
-3549.72918340515
-3548.38946695622
-3548.13005418203
-3548.13005418203
-3547.29240879713
-3547.29240879713
-3544.83991398006
-3544.83991398006
-3546.86888956492
-3549.64901850193
-3544.2937503692
-3548.09850769556
-3546.52798356626
-3545.020466517
-3544.99786541002
-3546.20027726642
-3545.51823258258
-3549.90099715182
-3550.00888830292
-3551.47890469246
-3553.24804998717
-3555.55988646663
-3551.47571591801
-3552.06523106597
-3553.0271740519
-3553.35064199466
-3554.88385243749
-3552.17450649927
-3550.11760403603
-3552.02719134407
-3552.02719134407
-3553.27958845525
-3553.21141078273
-3554.62854288535
-3551.45609310128
-3553.33313054783
-3551.45609310128
-3552.71177288568
-3552.12765805998
-3552.42339977972
-3553.77796971486
-3553.33459449419
-3551.78236494173
-3556.22935338246
-3552.49188836219
-3551.50720680017
-3551.9751471931
-3552.04944553148
-3550.69870714629
-3549.64664166107
-3551.13595087857
-3551.45668478749
-3551.49483459331
-3552.01239588926
-3552.28781971737
-3550.09387512156
-3551.70320979388
-3552.47982748206
-3551.00338834072
-3550.98541330132
-3551.05758369378
-3551.05758369378
-3549.83987105369
-3552.14928870812
-3551.26819213385
-3550.53184670477
-3550.54173854025
-3550.80991500645
-3550.93562882078
-3551.31608459154
-3551.16236015946
-3551.16236015946
-3549.9991185142
-3549.137066981
-3547.72595736611
-3550.91320642741
-3554.10637877734
-3553.90338883047
-3553.81122737942
-3549.16308205733
-3546.46747698599
-3546.43103845634
-3549.15065514189
-3546.9860508359
-3547.80816968782
-3547.96824737894
-3547.72499571568
-3547.72499571568
-3551.54032494489
-3551.54032494489
-3549.84685352537
-3546.98350505196
-3547.0941093354
-3547.50959824755
-3548.35656972209
-3547.20184146681
-3547.51801686064
-3547.94278069949
-3548.49042148323
-3548.49042148323
-3548.49042148323
-3547.39446269888
-3547.39446269888
-3548.22401834957
-3548.96388122102
-3548.96388122102
-3548.96388122102
-3552.14076207403
-3550.98710040314
-3549.27322690026
-3548.04655140648
-3547.966222473
-3547.36822170138
-3549.2909655721
-3554.48251363183
-3548.93679768206
-3546.70184074755
-3546.28430960825
-3546.28430960825
-3551.44277942173
-3549.83652880169
-3548.10692592893
-3548.223043768
-3550.36320302974
-3549.8902315688
-3549.8902315688
-3549.51225937611
-3552.52836465203
-3552.14416427473
-3556.36067926067
-3552.31778576486
-3551.84471887968
-3551.84471887968
-3552.47940134825
-3549.23491124654
-3549.23491124654
-3548.77980713129
-3549.32641390595
-3545.74629565091
-3544.16747780131
-3549.32641390595
-3544.16198989489
-3544.16198989489
-3543.51014561019
-3543.51014561019
-3543.2212955717
-3544.15397876868
-3545.47597500113
-3545.47597500113
-3545.88513084817
-3549.02518446116
-3545.41467732482
-3546.61623705683
-3545.90398372476
-3551.92945525926
-3552.204526476
-3552.2254340688
-3546.2675517401
-3546.36591238419
-3547.57092564681
-3550.33025099736
-3549.95264480813
-3548.38432106226
-3546.35297458971
-3546.07832803836
-3546.36073770537
-3544.90076230201
-3545.70130123819
-3547.33868234057
-3545.89071467139
-3545.89824484969
-3545.90900699901
-3547.89517133576
-3548.45997027723
-3548.8550395613
-3553.08016006792
-3549.81517938651
-3550.72201008981
-3554.09511056854
-3548.88582723695
-3552.16886981477
-3549.80178583139
-3551.15117100412
-3547.34311292246
-3547.52918167546
-3547.52918167546
-3548.07015518966
-3548.45800939507
-3546.03502435274
-3545.32021355377
-3545.86664358588
-3546.92170664167
-3553.36959121266
-3555.37316088598
-3553.09828438328
-3551.13062107427
-3551.13062107427
-3552.89328017692
-3556.62696356666
-3555.32506689965
-3552.3012510394
-3551.34817805976
-3550.92639503071
-3552.03674140817
-3548.74002533116
-3548.81309604694
-3548.2001196968
-3547.31477824863
-3547.31477824863
-3548.3117618652
-3548.02242788993
-3548.37021253942
-3549.69509444722
-3550.86604626226
-3550.03721172883
-3551.35297252498
-3550.15113954939
-3549.71271223424
-3550.14751704252
-3552.4515132174
-3551.41257617577
-3550.06054053477
-3549.65404685588
-3550.16105885456
-3551.77843528564
-3550.10009433152
-3547.95849109662
-3548.76518579966
-3548.76518579966
-3548.76518579966
-3550.42401250668
-3550.73968440168
-3552.09160329286
-3549.84637140904
-3549.72562843161
-3553.93135877718
-3556.95144468819
-3551.88514809265
-3550.75876676501
-3550.00589545792
-3549.56589548266
-3549.56589548266
-3549.56589548266
-3553.24825072623
-3548.97929623193
-3549.25701873803
-3549.35381198355
-3549.40781253699
-3547.40772589472
-3551.99849959668
-3552.99002501687
-3549.85493079719
-3550.11031547021
-3549.0976545613
-3555.76389331817
-3550.30127759124
-3551.5232751925
-3548.33908414406
-3547.58975834939
-3548.68762946263
-3546.73062541994
-3546.33075824097
-3553.77178427264
-3553.77178427264
-3552.55098787562
-3550.90616752284
-3548.40571166243
-3547.4370677255
-3549.74717450258
-3549.55829030756
-3552.32226468742
-3551.11556724062
-3554.13258668892
-3550.19831415228
-3552.35971423357
-3553.7285354961
-3548.63861947652
-3548.6045141067
-3548.54054183347
-3548.29957620521
-3547.93339102166
-3553.47623198329
-3550.217190359
-3550.00043993864
-3552.36221526928
-3553.38499847476
-3553.00390423799
-3551.69650074295
-3552.56569115278
-3551.25538802627
-3547.90229000458
-3548.35217941214
-3548.35217941214
-3547.97069591003
-3549.77793649208
-3548.9839228609
-3548.97300390314
-3543.42970238835
-3542.93596057535
-3543.80500652107
-3545.20775541794
-3544.86038242648
-3544.05406628084
-3543.05010100999
-3545.4859272737
-3543.43697147553
-3541.90860458144
-3545.78037438254
-3544.81806678338
-3544.70244916835
-3545.17070805538
-3548.01382584204
-3545.26585874103
-3546.54311380984
-3541.93326919514
-3541.93326919514
-3546.19354607536
-3544.48474647881
-3545.8629939673
-3541.51518573422
-3547.20389153528
-3547.20389153528
-3545.30578197252
-3549.85324402124
-3542.919737585
-3546.24657233694
-3544.67522382951
-3549.51440895383
-3544.91603271229
-3545.56479520563
-3548.83578281595
-3548.86436379785
-3547.92765435406
-3546.90953088279
-3546.25001689986
-3548.02905973412
-3544.74720564133
-3549.42735506312
-3543.87089951976
-3544.02897800212
-3544.31781085141
-3545.66143777296
-3546.17612404168
-3549.25482631201
-3549.30107914364
-3549.30308224894
-3546.06875600512
-3546.06875600512
-3547.51274336754
-3547.77706277785
-3547.36407043187
-3547.67244184802
-3547.13399398829
-3547.48958497388
-3546.52708974402
-3550.6302640503
-3548.98459901052
-3548.32491434303
-3548.32491434303
-3550.08447162055
-3548.32491434303
-3549.21562074749
-3547.43498121618
-3547.11149034258
-3546.14504056544
-3547.91541985306
-3548.03640535611
-3546.84160682576
-3544.30016052322
-3547.6110256006
-3544.45982494603
-3543.25592790589
-3544.4337120292
-3543.17064266914
-3543.95439475192
-3543.06846918544
-3543.06846918544
-3543.84235812955
-3544.08603648295
-3544.20921292329
-3544.20921292329
-3545.45278927538
-3545.45278927538
-3545.5808730674
-3546.33637983648
-3543.17973881825
-3542.74648828114
-3542.79427316686
-3542.63789655293
-3543.77379440262
-3543.81624187727
-3545.5092809113
-3545.5092809113
-3546.39979100352
-3546.39979100352
-3547.03601020466
-3546.62076908537
-3547.7870198062
-3544.7075762243
-3542.05119758602
-3541.09128320349
-3541.81842861865
-3541.52789852897
-3542.59955198279
-3542.49512629436
-3543.90911703802
-3547.25688232028
-3545.31086393805
-3552.57909680033
-3549.77224416248
-3548.14347082017
-3550.13481279698
-3546.32484342814
-3543.40947017093
-3544.08336595478
-3543.72863150102
-3541.39324645502
-3541.4573899891
-3541.77559320451
-3543.98772373996
-3547.69157375917
-3549.85462604769
-3542.42041661883
-3540.93681396266
-3540.93681396266
-3542.02603309989
-3540.75591111631
-3540.75591111631
-3542.53146947798
-3540.43825140938
-3540.41261882352
-3540.54274947963
-3541.34273019159
-3540.52985035379
-3541.36971732174
-3541.36971732174
-3542.46716099698
-3540.15461088799
-3549.02670839297
-3540.17209191963
-3541.18181126746
-3540.60182087243
-3539.86136359895
-3544.63288174736
-3544.67126932826
-3543.61413839277
-3544.51036287064
-3546.04260791654
-3546.04033062789
-3546.04033062789
-3546.7007461744
-3544.92316027325
-3546.11902691162
-3544.02883341047
-3545.84796542733
-3541.88562671591
-3541.64331472232
-3546.33291463197
-3540.1676567103
-3540.28443540471
-3544.96045835497
-3539.61798894973
-3540.46756531509
-3540.52637742916
-3541.84996828732
-3541.48066291271
-3542.38270476742
-3547.15414944509
-3551.00050729695
-3542.31951000136
-3543.17762215477
-3541.03709484481
-3542.19016952068
-3542.56008282828
-3539.92262010965
-3540.59019830544
-3541.55375206292
-3540.42486784753
-3541.08471098878
-3540.34695800738
-3539.189407134
-3541.66091296786
-3539.73415993271
-3539.53626836554
-3541.39671290342
-3543.31526858054
-3544.53483154645
-3545.59038884526
-3543.76838320499
-3540.80866869019
-3543.04993692702
-3540.80285232662
-3543.94278319118
-3542.51686750231
-3543.37778144781
-3543.37778144781
-3544.03506265092
-3543.09851182066
-3543.03139523692
-3542.43424168095
-3542.56249307478
-3544.69331033224
-3542.39312224065
-3543.42169589675
-3541.82502902786
-3541.437964647
-3543.57205278589
-3543.70709627941
-3541.42477569793
-3539.74688869012
-3542.8731877531
-3554.92903176401
-3544.82000124758
-3544.25910489315
-3546.13738415967
-3544.42944151045
-3542.50252431221
-3541.42170793315
-3540.71772822044
-3543.8262373868
-3544.04589183204
-3541.4650456059
-3542.17159686538
-3542.34637271666
-3542.98778328961
-3544.78980470232
-3545.3309900396
-3545.3727094956
-3545.3727094956
-3547.46017049085
-3546.92157308424
-3549.24791027038
-3546.44772442947
-3544.65156886861
-3544.65156886861
-3541.90278178807
-3544.4054586648
-3545.94433245395
-3544.47700810373
-3547.43613862525
-3544.85374084215
-3545.44337324098
-3543.57809136637
-3542.20973610088
-3543.30192214752
-3547.29139644088
-3545.18163072309
-3546.95742006779
-3548.35299246469
-3551.47364350943
-3545.0647493139
-3545.0647493139
-3548.0913924094
-3544.44456448892
-3546.0713542722
-3546.0713542722
-3547.03291701393
-3547.04311286277
-3544.81951347093
-3545.04457904815
-3545.37761711906
-3545.37761711906
-3545.37761711906
-3548.53217905516
-3545.26936388737
-3544.65852973714
-3544.96313812347
-3544.96313812347
-3552.03496391831
-3545.9793841619
-3552.64611328902
-3547.39111664291
-3547.58769331959
-3546.93124330411
-3543.94517143903
-3543.45541506326
-3542.78527995118
-3544.33931753211
-3543.81362342387
-3546.93096137217
-3548.08909706078
-3548.33334418028
-3546.63014143921
-3547.76295331762
-3547.97386131771
-3547.75049767646
-3546.61901791042
-3545.95197285614
-3544.97289344553
-3544.4873041885
-3545.64090973537
-3545.47492853652
-3547.37129598336
-3545.01139944788
-3543.13836235645
-3544.26385644278
-3545.02385964391
-3543.84807014953
-3543.60405711135
-3542.04133643904
-3543.68733523588
-3543.68733523588
-3542.99707672235
-3544.72044944473
-3543.5098800913
-3542.43709893006
-3541.85082521278
-3541.85082521278
-3545.88543616846
-3543.18982580744
-3541.29048833956
-3541.29048833956
-3546.98844637922
-3547.01730523194
-3546.12893548961
-3543.24059958655
-3543.24059958655
-3543.24059958655
-3544.4171416023
-3542.46284800442
-3542.46284800442
-3543.52501150888
-3542.60983075171
-3542.60983075171
-3543.35700307666
-3543.35700307666
-3544.5857262004
-3545.29069812445
-3545.46435735697
-3547.40406394336
-3547.40406394336
-3546.58975559062
-3546.58975559062
-3546.58975559062
-3549.19930709569
-3547.17182227907
-3550.50348421062
-3547.06486508984
-3545.20695740418
-3545.13244609685
-3545.15552970986
-3542.80894802691
-3542.82442914426
-3540.85730620717
-3541.28216565219
-3540.81749624375
-3540.85445095959
-3540.85445095959
-3540.49962728901
-3540.51781170992
-3541.46675413115
-3540.60092220121
-3540.60092220121
-3540.55465074424
-3540.55465074424
-3540.29913368254
-3541.30014426973
-3544.4275186856
-3541.57892827106
-3540.75089730476
-3539.09576624315
-3538.92068859654
-3538.58106057535
-3538.58106057535
-3542.08645078932
-3541.53713527757
-3539.63652538996
-3539.63652538996
-3540.48837700284
-3541.41637420574
-3542.54622404898
-3545.49792016164
-3545.02053540073
-3544.07925816942
-3543.67226290377
-3543.67226290377
-3542.70961212958
-3541.99054957426
-3541.78594826121
-3541.78594826121
-3542.4597000457
-3542.318453089
-3540.4571079327
-3541.00006638186
-3539.83467585664
-3540.58475062022
-3541.57882621992
-3544.32915144833
-3545.61777284941
-3544.25822096137
-3543.41831627464
-3542.87403774955
-3542.87403774955
-3550.41831742788
-3545.1380662452
-3546.65492066555
-3544.89464797428
-3547.83000082904
-3543.82241984094
-3544.51911473912
-3544.51911473912
-3544.51911473912
-3552.28906671762
-3545.05098729203
-3545.92987847394
-3545.5276874197
-3545.78853838095
-3545.78853838095
-3543.99414312356
-3546.17719295674
-3545.53457871955
-3547.02937671236
-3545.53093168813
-3543.34169803539
-3544.73906531626
-3542.32337105752
-3542.79199445051
-3543.82088021654
-3543.75554024564
-3545.77833533698
-3542.57798650151
-3542.38591048702
-3541.25635102728
-3543.36487017524
-3544.87815245515
-3545.1849956572
-3546.07480628563
-3544.82521074932
-3544.82521074932
-3544.82521074932
-3544.82521074932
-3546.44036285231
-3546.44036285231
-3545.64176158711
-3545.64176158711
-3545.40468339279
-3546.61798633491
-3546.93695903109
-3548.54365023533
-3549.44169469268
-3550.15579460341
-3546.79238122807
-3548.15640575772
-3543.9604487582
-3543.83992030936
-3542.73481141808
-3545.4753325283
-3544.66340323049
-3542.58403171138
-3544.12353822866
-3544.39990179471
-3543.68400407883
-3542.48211764808
-3543.51757342159
-3543.22145173654
-3544.80016551753
-3546.72015498191
-3544.24771744145
-3541.76451484075
-3541.76451484075
-3544.76589338386
-3543.65755893373
-3543.17681112695
-3540.78395558294
-3541.00901335014
-3542.47962508516
-3540.1932052762
-3540.76566987994
-3539.41874535549
-3539.40921822837
-3539.62826259748
-3540.13473882582
-3539.87045570429
-3539.74698024545
-3541.94566714479
-3539.83926912987
-3539.23541519066
-3540.40104025227
-3540.67938424324
-3540.67938424324
-3541.22949880321
-3538.88449189661
-3538.09364634637
-3538.09364634637
-3539.28254521895
-3544.42155292269
-3542.69039894044
-3542.56550174616
-3541.81994431407
-3540.68865274926
-3540.68993161129
-3540.6916989489
-3542.72702228532
-3541.37858764119
-3540.68777909962
-3543.09543309836
-3540.42114162409
-3539.72565279043
-3539.65230601292
-3540.33809483804
-3540.04348511496
-3540.66899083235
-3541.44307719323
-3540.92424681762
-3543.73901882558
-3550.4314490093
-3544.58953784952
-3541.77999289317
-3542.1341626085
-3542.1341626085
-3540.90755067268
-3542.34372886163
-3541.35480114088
-3542.01611806788
-3540.20858865129
-3540.21819352631
-3539.8626407922
-3539.8626407922
-3543.98881341841
-3543.49913133551
-3543.40905288017
-3542.30131995631
-3547.46175140815
-3548.18667674994
-3545.49967316002
-3547.71144043644
-3548.29507694213
-3548.04864947774
-3547.24645009485
-3549.19650925547
-3548.76351350688
-3546.76991086892
-3547.31490874926
-3547.31490874926
-3546.61733098661
-3548.69110906844
-3548.37344848314
-3547.55884765327
-3546.0671951821
-3546.0671951821
-3545.05572180236
-3546.77190260689
-3543.98236571444
-3542.83311444062
-3542.33878900948
-3541.72133458863
-3541.12356243037
-3541.26673338881
-3541.10018689671
-3542.53274191384
-3541.70185920027
-3544.88263763469
-3544.86915579359
-3542.73561455044
-3544.91935941865
-3545.66988794218
-3545.18305217103
-3546.30486390464
-3545.75376718697
-3545.50875272605
-3545.50875211465
-3545.77743511548
-3549.68836866506
-3549.69508753349
-3546.84361659874
-3546.09039733436
-3545.98724122264
-3550.00942690536
-3550.25873381425
-3549.99389433862
-3547.46209700078
-3544.48391008723
-3543.97302287603
-3546.78191381152
-3548.98832348092
-3542.33272000237
-3543.45849424503
-3542.89944009427
-3545.9832526529
-3547.23551073767
-3545.92772635914
-3543.92719866517
-3547.32681157656
-3547.96815254398
-3544.42134306013
-3543.40595956069
-3542.51041856662
-3542.35599121231
-3541.89451209069
-3546.65822153963
-3541.70429656598
-3540.91476369777
-3542.65135216078
-3541.87329122655
-3540.50545137991
-3540.38977398907
-3540.943272496
-3543.65752330861
-3542.13078853318
-3542.89977320413
-3541.32405811785
-3541.26251177229
-3544.12654097343
-3541.41358085369
-3540.81591851573
-3540.11016768769
-3540.55145363247
-3542.06154513726
-3541.69236777749
-3540.05262633446
-3541.0532239759
-3540.32786611443
-3541.1554509171
-3541.71932434272
-3553.53116230837
-3540.8386070706
-3542.16933413
-3539.52972312249
-3539.52972312249
-3543.14394154259
-3542.66952158448
-3540.83375984496
-3540.46593311117
-3540.46593311117
-3540.46593311117
-3539.94725341002
-3540.31061198697
-3538.96974849188
-3539.13578720122
-3538.40746282218
-3538.16554549597
-3538.16554549597
-3539.76675243002
-3540.54255488199
-3538.35235418476
-3537.76922822332
-3537.49074176701
-3537.49074176701
-3537.49074176701
-3539.59582369834
-3538.37135508804
-3539.36309931893
-3537.30802437406
-3535.7871760371
-3535.7871760371
-3539.22802485695
-3537.86570512668
-3538.17921779239
-3539.46008863387
-3536.96518458834
-3536.68701693108
-3538.24627496269
-3540.79602534333
-3538.59798557458
-3537.47633619249
-3536.87019823471
-3536.69484308196
-3536.69484308196
-3539.07256941984
-3537.7408138124
-3539.2889132857
-3538.41827205387
-3538.01545303014
-3537.96566394671
-3537.96566394671
-3536.66712775077
-3538.00538851483
-3539.25815899695
-3536.8825321146
-3536.16987981256
-3537.77854969161
-3536.32222603259
-3536.14113548554
-3536.09606562023
-3537.90166457002
-3537.88996320228
-3538.78874875115
-3539.42665667268
-3539.42665667268
-3539.77477409278
-3540.37054055784
-3540.26747832746
-3540.26747832746
-3539.84308218451
-3548.16080652844
-3546.59748148198
-3542.70839292123
-3546.2801696174
-3543.51634640351
-3543.22348666792
-3541.70467839466
-3542.21113667636
-3543.71918609557
-3544.24741169125
-3544.24741169125
-3554.23284291163
-3555.51396797166
-3545.75116426374
-3545.75116426374
-3544.25657715676
-3543.40181824408
-3543.15803509346
-3544.03928853364
-3546.09139270373
-3551.96998276056
-3547.98031585654
-3548.1238941482
-3546.89171246318
-3545.89442971278
-3545.84609916284
-3547.88075912675
-3545.90603276158
-3550.45941661035
-3547.98726219124
-3548.6690213579
-3547.67992982637
-3547.80776353924
-3547.82396150995
-3545.08612002458
-3543.97996219434
-3543.46758529814
-3549.79479796261
-3548.36440924548
-3548.2170968403
-3543.57921429521
-3541.17261580298
-3545.25218480222
-3544.84282077971
-3544.54809358045
-3543.84950236799
-3543.10690691539
-3542.82546828916
-3542.82546828916
-3542.76266744878
-3543.47777944793
-3543.95354240973
-3548.20602796083
-3543.34240319381
-3545.1272624444
-3544.5661084665
-3543.4849905793
-3542.61736521719
-3542.54716997604
-3545.89084639495
-3543.35604624474
-3544.54017740439
-3547.91443004038
-3544.22049094242
-3548.30917655273
-3545.11355705948
-3543.15125611535
-3541.46666922722
-3540.54022738669
-3541.50033254022
-3541.63997636963
-3541.5306304075
-3543.10618305059
-3538.64972272791
-3542.18386942139
-3540.89276495693
-3541.0511452278
-3549.88829564778
-3543.80412125668
-3545.09999901379
-3542.2560921554
-3543.78242524356
-3542.26882862015
-3542.26882862015
-3542.26882862015
-3543.17865720952
-3543.69174316702
-3545.45979891323
-3547.82798586916
-3547.82798586916
-3546.82887282933
-3546.28377588959
-3545.66070129196
-3543.94069200074
-3543.78303907609
-3545.01467439863
-3541.70310983891
-3541.70310983891
-3542.28530342974
-3543.05913108005
-3542.61954968568
-3541.03707415461
-3543.27605861874
-3546.05418823708
-3542.93573675507
-3541.01342686906
-3541.01342686906
-3541.01342686906
-3546.88183226065
-3544.02082462858
-3543.23856577783
-3551.2376818604
-3545.90860317929
-3545.06006210653
-3545.4254305467
-3544.71855446364
-3549.54677293617
-3544.32418095687
-3542.31318850546
-3542.31318850546
-3542.06195457907
-3548.0958523073
-3543.91042443817
-3546.03424109668
-3543.80021432166
-3542.71803184317
-3542.18730264809
-3543.39630690039
-3542.57243958774
-3543.62402019333
-3541.59087029252
-3542.29968538858
-3543.86114261003
-3543.86114261003
-3542.49419721124
-3544.14917392207
-3543.80533063176
-3542.1483781463
-3540.44627590581
-3540.36262037645
-3540.99166178659
-3540.1752901536
-3540.46591540554
-3544.92670437124
-3546.48098455126
-3542.18989760745
-3540.12936080705
-3542.31264033967
-3548.18732516681
-3547.18012445076
-3544.39205840799
-3542.8904670317
-3541.67812413945
-3543.03259790604
-3544.38629317699
-3543.08782275725
-3550.92425787078
-3542.78491420199
-3547.13349042543
-3544.97584940485
-3544.22336773232
-3546.11433308756
-3545.63741009018
-3543.25058271835
-3546.02703527227
-3541.85171243051
-3542.17754988345
-3541.95236392245
-3541.58633243787
-3541.14519784038
-3540.74597381292
-3540.54151195043
-3542.0110644038
-3542.81140819906
-3542.11216087312
-3542.33989293758
-3548.51170530182
-3552.2029864399
-3541.82589671662
-3544.84280363403
-3543.53350262662
-3543.23058403513
-3543.05987729813
-3543.81020598723
-3543.52629829491
-3546.42886297632
-3543.89318454552
-3543.89318454552
-3542.1826280418
-3542.1826280418
-3544.89540458902
-3545.80595777935
-3544.99158709244
-3548.35755251288
-3540.55862687555
-3540.49861874633
-3540.49861874633
-3540.48991296321
-3540.48991296321
-3540.48991296321
-3541.71123455668
-3541.71123455668
-3541.71123455668
-3539.53611900027
-3542.24698735326
-3540.69229346499
-3540.69229346499
-3544.66905566196
-3540.78070761425
-3540.78070761425
-3541.42737355271
-3541.24140386663
-3541.24140386663
-3541.51626690418
-3541.77598489128
-3538.27754299938
-3536.21973757444
-3535.81442759586
-3536.77859137619
-3536.99706968523
-3538.78237061845
-3539.82638200269
-3542.33108091644
-3544.43315546497
-3543.22971061724
-3543.78353820053
-3539.71925154708
-3539.14385565686
-3540.29683700876
-3538.77226765335
-3539.47302225462
-3539.49185190122
-3538.1875370475
-3539.30559993843
-3538.18558175989
-3539.40122830182
-3538.9994397559
-3542.89733091026
-3539.85877093712
-3544.34482975118
-3542.32683972229
-3540.94816572448
-3543.07853932962
-3546.4097918086
-3540.83851048745
-3544.02766736391
-3543.26801604324
-3540.43246778148
-3539.7035209329
-3538.99642792879
-3540.72860795797
-3542.27954418333
-3544.26302039915
-3543.07271647743
-3549.81899807591
-3545.69368587814
-3544.21139044722
-3544.10905584546
-3542.82803887761
-3543.36019852336
-3544.06162399061
-3542.27048547458
-3542.75332044343
-3543.24044501194
-3545.8992173233
-3545.11913949384
-3544.25186022919
-3543.3122806286
-3541.92220817022
-3545.57806021518
-3543.05377110004
-3542.30044313303
-3542.42084895856
-3543.1843759256
-3543.67213443757
-3542.82230721978
-3543.51302546532
-3540.40691089144
-3540.62349187582
-3540.12634449919
-3544.52955000897
-3543.23484673385
-3542.15134854557
-3542.47878806578
-3543.6438216038
-3541.51239547181
-3540.73820825503
-3541.76720759191
-3539.17314721268
-3539.95078704116
-3541.22391891677
-3537.03276586351
-3536.92339170577
-3536.84902874769
-3538.84265187515
-3538.36483616833
-3538.12626397791
-3538.12626397791
-3538.12626397791
-3538.12626397791
-3539.83246990009
-3538.93515728303
-3540.48626803542
-3540.48626803542
-3540.88486188646
-3540.48388555585
-3540.48009862526
-3541.11739456188
-3541.11739456188
-3536.51972756003
-3537.25060109875
-3540.17898922718
-3539.3850316778
-3540.12465941956
-3542.3166412225
-3541.48675128695
-3540.26480396251
-3540.73868620081
-3543.17342419078
-3541.24848137316
-3539.46673540654
-3539.584330079
-3538.48243394891
-3538.48243394891
-3539.25480078218
-3540.59261855639
-3539.94842908837
-3541.40386406536
-3543.8953781208
-3541.21378541449
-3539.58109497799
-3538.07163930254
-3538.72133003526
-3538.72133003526
-3541.95357667818
-3538.2690637907
-3538.66538678862
-3538.6860180337
-3547.95587097424
-3540.4870482549
-3541.95475970984
-3542.55901003884
-3539.76139799631
-3539.28404857427
-3539.28404857427
-3539.28404857427
-3540.78328825774
-3540.825178453
-3537.88853870329
-3540.48038417746
-3538.33701226195
-3540.38616792433
-3540.27286618849
-3540.27286618849
-3549.1266523311
-3543.02448569585
-3543.02448569585
-3540.29214410994
-3541.73088348412
-3540.55750413978
-3541.2770581205
-3542.02010135817
-3540.92981419808
-3542.19444560495
-3540.00897217786
-3540.23076116173
-3538.56074685698
-3539.62567973647
-3540.22088937375
-3540.06096416236
-3539.41907940558
-3540.66252590485
-3539.60975419467
-3537.52693892799
-3538.6358818891
-3538.8261624046
-3539.71601566867
-3543.73964407595
-3543.31560046623
-3542.2512182593
-3542.64190322388
-3540.31166905823
-3541.40359276333
-3539.89272150268
-3544.58716624413
-3543.50255022495
-3540.57651982506
-3540.7635216196
-3540.19774736165
-3536.57138067727
-3537.15742293051
-3537.15742293051
-3538.83078456809
-3537.27546353848
-3542.39411175517
-3542.60973581876
-3540.57534099558
-3538.58624361984
-3539.18901048424
-3539.10221005969
-3539.31157549004
-3540.4177002541
-3539.56308737004
-3539.93861796681
-3540.07216118539
-3537.44890591539
-3541.64864398164
-3540.84749224236
-3538.55173531791
-3540.60137611968
-3541.82798647631
-3540.32430111288
-3541.59444901758
-3540.12213045339
-3543.0638821816
-3537.39568566263
-3537.78963762319
-3538.68874911228
-3539.70727040081
-3540.0270597594
-3539.6453124943
-3541.06175366101
-3540.71228926895
-3540.94124680726
-3541.40589083579
-3542.30027107369
-3538.33856324828
-3536.84626436732
-3536.84626436732
-3539.57979479791
-3538.5578533083
-3537.56061122162
-3537.56061122162
-3539.96377490826
-3537.09712018012
-3541.44138709907
-3537.74314046237
-3538.49791955255
-3538.49791955255
-3541.50650164405
-3536.21120310683
-3539.58439025614
-3539.63172987996
-3540.02719157789
-3542.96175246171
-3541.32488593268
-3539.83759436507
-3539.63861882134
-3541.5704650097
-3545.40958964677
-3545.40958964677
-3542.01685402545
-3543.35789238606
-3540.64408776587
-3543.39129737461
-3545.89653016971
-3545.89653016971
-3548.85144676117
-3548.94792032965
-3549.48955288974
-3539.90807777652
-3540.64840357719
-3540.0715263348
-3540.62143635597
-3542.41443016716
-3542.91683444808
-3540.96323541682
-3540.37036850019
-3539.82968434931
-3542.47895326728
-3547.6592196533
-3547.6592196533
-3542.14361766797
-3542.14361766797
-3546.5236303601
-3544.49718365064
-3544.95020659328
-3541.49904717047
-3541.49904717047
-3541.82276569325
-3543.53592030854
-3542.42472693141
-3541.80301012079
-3544.2686500926
-3541.23293313636
-3543.59834920356
-3544.59890517505
-3540.76839172196
-3541.79986962635
-3538.53324292181
-3537.26043505305
-3541.48748349337
-3537.12342278231
-3538.80909289472
-3539.66990652984
-3538.16526104347
-3541.74478805188
-3539.4559088648
-3539.4559088648
-3544.99856268226
-3542.90028382434
-3543.04863940779
-3543.89451145721
-3541.621113969
-3541.621113969
-3540.8767759917
-3543.77982689856
-3543.57096780065
-3542.8888312375
-3542.58279676822
-3542.83803525322
-3542.83803525322
-3543.05735083897
-3540.74327210377
-3540.20165212064
-3540.20165212064
-3539.43516960474
-3540.72655768113
-3538.70324536686
-3539.2503064489
-3541.06305872871
-3539.13025898928
-3540.35781785978
-3538.18433119466
-3541.37619215376
-3541.69557220802
-3541.05066930852
-3541.10325794768
-3541.10325794768
-3541.2882417381
-3540.77681860167
-3537.39980240923
-3536.7832054568
-3536.89922835908
-3538.91415094992
-3537.17647880308
-3538.79637155057
-3538.79637155057
-3538.79637155057
-3540.24547191924
-3539.52016982866
-3539.19941404293
-3539.19941404293
-3538.46091054958
-3537.08483553789
-3537.08483553789
-3539.14987478579
-3539.43277431327
-3538.32145005181
-3534.71090073624
-3534.72570424468
-3536.35997606824
-3544.7871932208
-3535.86026524386
-3541.34173442379
-3539.21128789955
-3538.97538603268
-3539.28057144794
-3544.30049407809
-3540.73643988287
-3540.63439489786
-3537.92606213239
-3539.68656589727
-3538.07581822934
-3538.58009625825
-3539.80427295354
-3540.1279257658
-3537.30656553218
-3538.16811296774
-3536.97414694978
-3535.51021481284
-3535.51021481284
-3535.68833801706
-3537.05617875395
-3537.39813529548
-3538.30291618442
-3537.37883932719
-3537.37883932719
-3545.36056380523
-3536.39375913268
-3536.65767312413
-3536.21940263698
-3536.21940263698
-3535.9702893459
-3538.67189874082
-3538.67189874082
-3538.01658499388
-3538.01658499388
-3538.06363726518
-3538.06363726518
-3538.06363726518
-3538.06363726518
-3538.06363726518
-3538.06363726518
-3537.91209365387
-3536.50646837013
-3537.62819941028
-3539.83793245926
-3537.94850059314
-3538.61530684667
-3535.38460504992
-3535.38460504992
-3535.38460504992
-3537.20356811908
-3536.8015672671
-3535.02508135582
-3535.02508135582
-3534.51161365254
-3534.37494488803
-3533.90321051893
-3532.92433673576
-3532.92433673576
-3532.92433673576
-3532.53633275764
-3533.38956478749
-3534.83479614151
-3538.07800028239
-3544.07532196356
-3549.38389015051
-3545.3346618523
-3541.38386189718
-3539.67459691275
-3539.39277555346
-3542.88107758513
-3538.59058309487
-3539.7877401447
-3544.19251274349
-3539.78121715045
-3539.78121715045
-3538.19124481713
-3542.09867597332
-3540.77986570971
-3538.37887106413
-3537.41922959567
-3538.32173556372
-3538.29896171444
-3542.91130172393
-3541.90233209165
-3542.36072829026
-3542.85053190779
-3541.97142467203
-3541.76864914706
-3541.76864914706
-3540.73047636632
-3541.02332222492
-3541.34601575305
-3542.1418922665
-3543.31363182119
-3544.55614153677
-3541.53232951656
-3538.80736867279
-3538.81587696234
-3538.81587696234
-3541.46623508957
-3539.41044895601
-3540.95885943701
-3541.98106979276
-3541.97714418629
-3541.42836123947
-3540.79078085472
-3540.11598142408
-3538.81815011963
-3538.85822267343
-3538.9547895182
-3539.54910970519
-3539.97106353425
-3540.89310036056
-3545.50290325936
-3543.05420981922
-3544.39669815044
-3544.35333318643
-3544.00513857848
-3542.4658336275
-3555.08633899487
-3543.38194284759
-3540.6073236297
-3542.1046209367
-3546.90098209793
-3537.64378057605
-3537.84612773205
-3540.18636587001
-3539.06892762443
-3539.31171914917
-3540.43262009242
-3541.07496483294
-3541.4278506986
-3542.05472041124
-3546.59014050826
-3543.37546312245
-3542.52006274789
-3541.23466826169
-3540.03879163659
-3538.86337058787
-3538.59227146366
-3537.60524446146
-3537.84153846643
-3540.79293792706
-3538.86229319134
-3543.35391114521
-3542.11667557942
-3539.45654764258
-3541.10705952227
-3540.78954350391
-3541.74098264163
-3540.87247145854
-3541.6085690482
-3541.6085690482
-3541.54654748035
-3540.54801506437
-3540.88439931211
-3544.08211825687
-3539.76333152601
-3538.37881537427
-3538.37881537427
-3540.17598112379
-3538.2986286118
-3544.43079977729
-3543.42162526554
-3540.72433231106
-3540.72433231106
-3539.30278818249
-3538.78150556588
-3536.71134515175
-3537.46142003193
-3537.66853853068
-3537.66853853068
-3537.2272770645
-3539.54647396245
-3541.62367458578
-3542.43252926797
-3542.0323713762
-3541.84586718586
-3542.64774269681
-3542.01634635921
-3544.48782705246
-3544.78495770341
-3541.70793313838
-3544.10341169259
-3542.5113402401
-3538.77431302482
-3540.22054671615
-3539.55404576098
-3540.27940962225
-3543.61782844236
-3549.70346163815
-3536.88907850888
-3536.88907850888
-3539.05661170952
-3539.64563980673
-3539.87324413034
-3538.14980774259
-3538.75852073781
-3538.75852073781
-3537.94241317438
-3536.67740004739
-3538.77705587576
-3539.08160002052
-3537.26016049632
-3536.33777827282
-3535.96275209734
-3535.87715170098
-3536.6833207572
-3538.06629442908
-3534.5317231367
-3536.34819486546
-3535.77091839579
-3535.77091839579
-3535.2405059189
-3542.15471025604
-3538.15622876536
-3537.442696016
-3538.03944068146
-3536.59507423593
-3536.29353006483
-3535.32766160212
-3536.83853427128
-3537.37629105273
-3533.90217704814
-3533.67896687259
-3534.45959440376
-3532.94889160214
-3532.91614132112
-3536.61803603233
-3535.90817911823
-3533.89023538815
-3537.2586894056
-3536.58893711907
-3542.37837241716
-3542.32438077253
-3544.04090391876
-3541.01011642104
-3539.70356829393
-3539.50607195072
-3539.86395659571
-3544.73914948329
-3543.67538030788
-3540.149596502
-3542.86890233372
-3538.24343729551
-3538.24343729551
-3545.69936999502
-3537.56570819803
-3539.49485478695
-3539.63117936993
-3539.63117936993
-3539.33842704759
-3538.66876295062
-3540.08205581145
-3540.08205581145
-3539.32544198625
-3541.55602081699
-3540.84953770706
-3537.96346674885
-3541.60700229326
-3539.29437765775
-3540.08638762903
-3540.48910935463
-3541.32627687694
-3541.7898094296
-3542.83608476737
-3543.35873391697
-3543.2519594719
-3542.15159701014
-3543.05556208553
-3541.71449090855
-3542.06374379548
-3541.38007233863
-3542.52220914042
-3542.94971703477
-3543.89008220243
-3543.89008220243
-3544.35738392534
-3540.63999071186
-3542.23706797645
-3543.64849262262
-3540.30838348656
-3539.23679013925
-3540.42058211577
-3537.75348079938
-3537.74059348517
-3538.04279287772
-3544.42373972259
-3544.42373972259
-3544.64195440257
-3538.08788012276
-3538.48210338622
-3537.24817136544
-3538.53776485315
-3538.41783989681
-3537.87456046798
-3535.88281640004
-3536.32228936302
-3536.32228519636
-3536.43569520968
-3537.84051390017
-3536.89564350895
-3539.30640988441
-3539.71529127944
-3541.46238558437
-3541.74220421006
-3540.94446252514
-3540.19065588743
-3540.27371170821
-3542.60343951186
-3540.66141829981
-3542.67322717396
-3541.05646847634
-3539.84242584581
-3539.84476061999
-3539.0706852875
-3539.23517094372
-3537.59315163424
-3539.85731193826
-3541.50960315036
-3541.04178377749
-3544.35335769985
-3542.39531031301
-3541.96547930038
-3538.34541750139
-3537.25684651653
-3537.25684651653
-3537.51111658932
-3539.90130663427
-3539.97338062875
-3540.8737707104
-3537.07972395769
-3536.0783859207
-3535.59348763778
-3538.23185313287
-3538.7581900073
-3534.29147658083
-3534.53675209346
-3535.02648759501
-3534.20914205035
-3533.30905419113
-3534.93087302406
-3535.44157081874
-3534.53143886758
-3533.21616641723
-3533.95491348158
-3533.26342840127
-3533.02688195884
-3533.82469650139
-3534.39773321773
-3534.0734905928
-3536.21993700976
-3536.72619708271
-3536.78666098003
-3538.17379558137
-3537.91235529645
-3537.91235529645
-3537.91235529645
-3537.91235529645
-3537.16856964968
-3540.55172428024
-3536.96433713494
-3536.7433549446
-3536.84028934615
-3542.32782074033
-3540.24263335932
-3541.24240944814
-3541.80033913927
-3535.88125688421
-3535.88125688421
-3537.03299175179
-3537.03299175179
-3542.17461349504
-3540.75374560796
-3540.83414669376
-3538.91028553082
-3539.88698012677
-3540.0504897915
-3537.1386529946
-3536.27229357154
-3536.47261744647
-3536.47261744647
-3536.47261744647
-3538.45990375405
-3539.9103248295
-3539.9103248295
-3541.97628896021
-3540.97830337929
-3541.78755167024
-3541.78755167024
-3540.7620136642
-3541.71355057459
-3541.71355057459
-3537.98911156023
-3537.98911156023
-3537.98911156023
-3537.98911156023
-3537.98911156023
-3537.98911156023
-3537.98911156023
-3536.77283749007
-3538.29266120435
-3537.80857221501
-3538.08877203769
-3538.08877203769
-3544.35825721498
-3536.46623925465
-3536.46623925465
-3537.84025441718
-3539.64865960524
-3538.16096778401
-3537.83046271218
-3537.83046271218
-3538.45133694464
-3538.02562915587
-3537.81956926636
-3538.2843208125
-3537.96258162306
-3537.21335969435
-3539.01449038137
-3537.13160871256
-3537.13160871256
-3537.13160871256
-3537.29661423626
-3538.64760828202
-3538.64760828202
-3537.73073304254
-3537.02145076934
-3537.74802577033
-3536.98865834103
-3536.98865834103
-3537.75220129551
-3540.09099843706
-3537.68211917754
-3537.68211917754
-3538.01773649993
-3538.01773649993
-3544.67167947809
-3540.6757254338
-3540.6757254338
-3541.30323688575
-3541.10484773939
-3541.72078597095
-3540.0101611242
-3540.88588602783
-3540.97082344958
-3540.25481083217
-3541.23696918492
-3541.38478561634
-3541.63262543725
-3542.47267775295
-3542.47267775295
-3541.24308651471
-3539.57235343567
-3539.8982617353
-3539.8982617353
-3539.40162489522
-3537.6505192862
-3537.67893229299
-3539.55286081313
-3540.95884338221
-3545.65187547183
-3539.52984079229
-3538.8318135741
-3539.25696967822
-3542.78610642942
-3540.35006789044
-3541.50516292291
-3545.5704801359
-3547.07891621093
-3542.47673768837
-3542.27584789605
-3543.05498852068
-3544.20185366027
-3543.66971598598
-3542.03888972757
-3537.64793700186
-3539.76814087825
-3541.53367162736
-3539.86063902389
-3543.01702289874
-3541.49684561067
-3543.609069878
-3543.05099403497
-3538.41498996756
-3539.84513957497
-3539.84513957497
-3537.79264457129
-3540.68877662258
-3544.05899842395
-3540.25780711614
-3545.51459472192
-3539.8845732345
-3538.20335519086
-3539.44385618615
-3539.27212427733
-3542.33282752297
-3544.20559056997
-3540.56929533055
-3538.87800498398
-3542.30392164917
-3537.54073551251
-3535.29201711758
-3534.4178995875
-3535.0172616286
-3535.07535487354
-3535.58133532215
-3538.66636729055
-3537.55941863345
-3540.67945221182
-3540.67945221182
-3541.97792217664
-3541.97792217664
-3545.74442169681
-3537.84443492791
-3538.75717273099
-3547.4062906366
-3538.88046433594
-3537.36736642032
-3537.4993776106
-3538.63808550387
-3536.73680021147
-3536.68838151568
-3536.10721107529
-3534.2812839955
-3534.15320366299
-3534.10164918413
-3534.02730757434
-3533.27492186405
-3533.94027009836
-3532.53885642974
-3533.20664510083
-3534.41708160421
-3534.51077246739
-3534.34313323148
-3534.34313323148
-3534.96793975401
-3534.54054851046
-3534.32895660084
-3535.84763914573
-3535.39936080574
-3540.68553754581
-3534.53083424275
-3534.77356691102
-3534.38681644362
-3536.05529409061
-3535.24022054024
-3533.04084787698
-3540.12529866687
-3533.64671984244
-3533.3694167329
-3533.286160108
-3535.96303824313
-3535.37608827384
-3537.11204027625
-3534.54724962204
-3537.08224885811
-3539.45076512729
-3538.53814713975
-3538.53814713975
-3539.97004663253
-3541.15044578431
-3541.5430283529
-3538.4156103109
-3539.01296296239
-3540.45185966696
-3534.45876567199
-3535.24397321034
-3538.14993761063
-3538.19769909265
-3537.65432348561
-3537.65432348561
-3537.16921787096
-3535.19792050231
-3539.06173597619
-3538.53179974303
-3538.58412679442
-3538.58412679442
-3537.36517678787
-3540.78380195328
-3536.03438595863
-3535.56715181372
-3535.92858164422
-3537.22310913464
-3542.92640482904
-3541.85620221125
-3540.97108804112
-3540.66443351072
-3539.89873611505
-3540.23818875807
-3540.79298376152
-3541.14156743885
-3538.43810949297
-3536.94745234569
-3541.00750196171
-3536.7567957752
-3536.7567957752
-3537.28122609578
-3536.37101101627
-3536.37101101627
-3536.37101101627
-3539.20489543675
-3546.30303639536
-3536.71437508501
-3536.77779312522
-3536.727654114
-3536.727654114
-3536.727654114
-3537.34688960143
-3535.58201108779
-3540.35898030761
-3537.65428945174
-3537.25869863531
-3537.06176374006
-3537.06176374006
-3536.87081753987
-3536.87081753987
-3537.79150183913
-3542.85141363387
-3540.85987525159
-3540.85987525159
-3540.92285278605
-3544.69060215043
-3539.83331547623
-3539.83331547623
-3542.0708547486
-3542.0708547486
-3542.0708547486
-3540.42754683383
-3534.83649611367
-3533.92114717185
-3534.69451174952
-3535.80034466048
-3535.80034466048
-3535.45715537184
-3536.59960304524
-3544.22430246616
-3536.9094096791
-3537.70878328654
-3537.33191759365
-3537.37394881885
-3545.42156872212
-3539.95572672941
-3541.06179842837
-3540.28625990436
-3543.04232242512
-3539.34699598874
-3539.34699598874
-3541.80287607822
-3541.08110127468
-3542.19863593527
-3540.51722686085
-3541.28252262529
-3541.44996969579
-3541.44996969579
-3541.64605681201
-3541.72791293796
-3541.72791293796
-3549.25037968005
-3541.08946679127
-3541.08946679127
-3541.50403584339
-3541.50403584339
-3541.63154521322
-3538.97930769558
-3541.83791560332
-3540.38961907091
-3540.38961907091
-3539.18409231897
-3539.18409231897
-3541.13446170502
-3539.33139206774
-3542.69021830549
-3541.54905183265
-3541.54905183265
-3540.66112448266
-3540.90582729699
-3539.98590034371
-3540.08974371135
-3540.15612051245
-3541.57967381204
-3541.63435286174
-3542.07209131386
-3542.07209131386
-3548.70880220798
-3548.87083325787
-3549.81972827766
-3545.63316129299
-3548.81523987972
-3546.1478706178
-3544.7364444347
-3542.49040504798
-3543.70338314529
-3544.14585395773
-3543.01401954492
-3542.06514597176
-3542.06514597176
-3544.06823414929
-3541.9761997837
-3542.07782620314
-3540.73251136943
-3544.12545302164
-3543.04498339837
-3542.22878258365
-3544.0335106694
-3544.0335106694
-3542.79626137232
-3543.53726726589
-3541.97498937371
-3539.79905543476
-3547.02239720504
-3546.85063527293
-3545.1102588493
-3543.91751678203
-3543.88156053542
-3547.59367241562
-3541.31561949137
-3541.10880714187
-3539.14978663874
-3536.00324104245
-3536.56792470878
-3535.10107680305
-3536.6958531544
-3540.27683390279
-3539.83130296999
-3536.4972788058
-3536.14538493575
-3535.86925292211
-3536.43987112737
-3535.94653313248
-3537.69352774482
-3536.27429884751
-3539.07244966942
-3539.07244966942
-3537.81347506872
-3542.10614803612
-3539.85302096698
-3538.59643760677
-3536.43083335642
-3538.25438743393
-3533.57050455617
-3531.26080889575
-3535.46752222472
-3531.56997493811
-3532.56794154984
-3532.68843616657
-3531.19387421893
-3530.49920103115
-3530.96325169164
-3532.20686613666
-3533.78587695057
-3533.24702124919
-3532.47095824571
-3533.22415890704
-3530.19950901777
-3533.32950086902
-3532.85504261557
-3535.00014676071
-3535.00014676071
-3539.42764110702
-3535.14572180453
-3533.91420204941
-3534.48876750673
-3539.03280264003
-3538.25547648804
-3538.67111545732
-3539.19840249794
-3537.5817085505
-3537.5640896622
-3535.49887108978
-3535.471839272
-3536.64856589643
-3537.19542257743
-3539.54936812026
-3535.2594494105
-3536.48978744742
-3536.88674111993
-3538.02417663249
-3534.34221545502
-3534.60253658931
-3534.60253658931
-3534.44182024006
-3534.5371178082
-3534.5371178082
-3534.5371178082
-3534.5371178082
-3534.5371178082
-3535.60463978975
-3536.80200585807
-3533.38136172746
-3533.38136172746
-3533.38136172746
-3533.13535305243
-3533.05439523615
-3535.49971150852
-3534.47549776851
-3533.59586724461
-3535.8889026009
-3535.8889026009
-3535.8889026009
-3535.57863673573
-3535.57863673573
-3535.57863673573
-3536.16200765495
-3532.22786663697
-3532.86817740602
-3534.81973787499
-3535.12371117293
-3535.07208009846
-3533.06863769844
-3534.42676308155
-3533.12884266777
-3534.66161260493
-3535.63788897215
-3536.16337407937
-3534.71109215305
-3536.65551852117
-3534.58840031895
-3535.07789795929
-3544.6809281386
-3535.07789795929
-3535.07789795929
-3535.14369017183
-3535.59155475027
-3537.50245983536
-3538.2205842585
-3535.37308339098
-3535.37308339098
-3535.37308339098
-3535.8366719075
-3535.90829641754
-3535.97983655093
-3537.02398292334
-3532.90127343335
-3536.17491769549
-3532.92740392996
-3532.92740392996
-3532.92740392996
-3534.20730617875
-3537.11888694525
-3537.11888694525
-3537.8652579853
-3534.79954912124
-3537.42473686898
-3536.37823589245
-3538.2276346176
-3537.5253600711
-3536.58235010526
-3536.17489332545
-3537.30518976098
-3536.66301694475
-3535.81196302248
-3535.93426562934
-3535.93426562934
-3535.33888171124
-3537.12009575216
-3537.12009575216
-3546.15040692358
-3541.28428496959
-3538.10366005012
-3537.82689653625
-3538.3440626625
-3538.26861134857
-3538.02280135798
-3537.93332915872
-3535.87138798895
-3536.39301705879
-3536.39301705879
-3536.80019656048
-3536.80019656048
-3535.7396398817
-3537.89858410549
-3537.89858410549
-3537.06157451119
-3534.95948276225
-3535.4378277461
-3533.73928402739
-3534.35353075422
-3536.91234239704
-3533.94059650962
-3533.74386879116
-3535.1406801901
-3535.80569322375
-3535.71336347926
-3537.41546528071
-3535.86600094257
-3536.02022709911
-3537.12467609557
-3543.93103956276
-3537.74583459831
-3537.61492563512
-3536.97970388263
-3545.777825385
-3538.71959800773
-3538.71959800773
-3537.99120714443
-3538.07209580098
-3536.60961938979
-3536.60961938979
-3536.50091638653
-3535.84969840534
-3535.76225528682
-3534.00572124915
-3534.00572124915
-3534.00572124915
-3534.43731828244
-3534.92668533859
-3533.90389721829
-3535.23507404566
-3536.83471860036
-3536.83471860036
-3536.13139649219
-3538.46442982706
-3537.92784787228
-3537.60688756322
-3539.38005712728
-3538.87456664468
-3539.28037700139
-3534.20422397
-3534.84666146268
-3534.03945098614
-3532.75404843265
-3533.12644401969
-3533.12644401969
-3533.53406118624
-3534.11417768237
-3537.47695189646
-3539.55533409448
-3536.18696157974
-3534.17524289053
-3536.41700922089
-3541.31156628151
-3534.09609805135
-3539.37331954937
-3534.75290832631
-3534.75390543148
-3539.29986281303
-3533.50000325178
-3535.13341842345
-3535.47316335057
-3535.47316335057
-3535.11372239314
-3535.11372239314
-3535.11372239314
-3535.11372239314
-3535.11372239314
-3535.11372239314
-3535.11372239314
-3535.11372239314
-3535.76426173786
-3535.47572255681
-3536.7453676332
-3539.25605132925
-3541.75965918798
-3540.94603821873
-3539.4572790118
-3537.86524604913
-3537.41840876861
-3536.1489701735
-3538.46970634585
-3535.61595824413
-3535.86122747329
-3535.86122747329
-3534.39266121618
-3538.31412753496
-3538.10148533025
-3537.78594419896
-3540.16668926221
-3540.43085067225
-3537.90198286646
-3537.44442221245
-3538.60276745899
-3538.60019737411
-3536.38133958506
-3536.38133958506
-3536.38133958506
-3544.03248570287
-3543.15048755811
-3544.18876392499
-3542.70008077078
-3543.13500376644
-3545.55456978965
-3545.13254401637
-3541.72570400935
-3541.2075024195
-3544.55244992612
-3540.27085268897
-3540.39267259831
-3543.5393604112
-3545.5566045992
-3541.81212275265
-3541.12395663362
-3542.05879258876
-3539.65556494576
-3540.6140434587
-3538.28681657154
-3539.21168196228
-3542.03803611032
-3539.19271356107
-3539.19858606835
-3537.6837684333
-3537.22932191071
-3538.80096988185
-3539.74638018462
-3538.32838587728
-3540.74340992972
-3544.08264748898
-3543.37801282615
-3546.09517005915
-3544.79584490551
-3543.31994820975
-3541.70150469331
-3544.57602100498
-3543.34142353603
-3544.69834719581
-3540.97516456851
-3541.30074068863
-3538.38616019954
-3538.38616019954
-3538.33371760265
-3536.69207986803
-3537.19701492042
-3539.99437366035
-3540.62258170705
-3536.70846626381
-3537.62876144155
-3536.8580854699
-3536.8580854699
-3536.51454671716
-3536.51454671716
-3538.25917097842
-3538.1943828095
-3538.58271385403
-3538.2591480689
-3535.30768276074
-3534.36010438946
-3535.07834286633
-3536.43144981319
-3536.43144981319
-3536.87116536828
-3536.93154450534
-3538.2568344997
-3537.95688558278
-3537.66214797929
-3538.25192543278
-3534.82004035615
-3536.44542755081
-3537.93687882807
-3537.91347038469
-3538.24913428754
-3538.78129230394
-3539.3219276686
-3537.73297119907
-3538.00094409273
-3540.29066710943
-3537.58773559788
-3538.07816032496
-3538.19928692846
-3541.62254120568
-3540.80541900992
-3543.01694121898
-3547.95065502933
-3541.67945380908
-3542.61713138995
-3542.80912899998
-3537.7899486549
-3541.09562884524
-3538.56132573212
-3538.56132573212
-3538.56132573212
-3540.56123071216
-3541.33141175077
-3540.6903078587
-3539.79168991641
-3538.5488268572
-3540.99822923287
-3540.7847628212
-3541.33323710768
-3540.12957368483
-3541.5148377551
-3542.40308460983
-3542.06006372194
-3540.13316153107
-3539.95460205519
-3538.87340268365
-3537.09507194456
-3538.14167184483
-3539.04292172038
-3539.65219156734
-3540.16189372472
-3535.35136324902
-3535.35136324902
-3535.22539460132
-3535.73924190804
-3539.29906205031
-3539.59187531306
-3538.70401407736
-3538.37154126236
-3538.47169114463
-3539.57612642897
-3537.63932976836
-3538.52642637297
-3539.09518814739
-3537.12081657476
-3537.12081657476
-3537.99074977869
-3534.59945615253
-3534.59945615253
-3534.22562431952
-3531.28001891812
-3532.77944621156
-3533.69538460621
-3532.64256849613
-3531.70706283553
-3532.28940319622
-3532.28940319622
-3533.0651470708
-3534.48008192607
-3534.77722515744
-3536.18036757189
-3537.60425846233
-3532.84116899229
-3533.69288993219
-3534.70312043801
-3533.12241287838
-3532.78840239632
-3532.7228957969
-3535.19718319183
-3533.56125310184
-3535.96919815064
-3535.96919815064
-3537.96981447155
-3536.99631564825
-3537.41718784981
-3544.04825806592
-3542.3888126018
-3540.55770676182
-3538.92727656015
-3538.56478357432
-3538.14269026435
-3539.31966570282
-3537.25499345104
-3536.28184034024
-3537.48479222458
-3534.89608291895
-3534.34170451189
-3534.00399081467
-3533.37259969596
-3533.98206738708
-3547.2644143914
-3537.65254680366
-3536.72918735506
-3536.7427164868
-3536.19392290021
-3536.88894535227
-3537.71229437772
-3537.70135243934
-3536.96427812174
-3536.96427812174
-3536.86186371486
-3537.59246594516
-3541.69033237864
-3538.67404327372
-3536.20150113354
-3535.33311408951
-3540.33856707195
-3536.25747056163
-3538.11211194074
-3537.78979218885
-3538.11211194074
-3538.11211194074
-3536.75628442336
-3537.29040588152
-3534.70475518193
-3535.36177678879
-3534.81077242017
-3535.01363191071
-3537.6026192049
-3538.18839408629
-3539.91495876603
-3538.97812170422
-3540.74818939384
-3542.60578777779
-3540.79801557135
-3539.1375585334
-3539.1768971024
-3540.05431645763
-3539.54288119764
-3542.29291124997
-3540.0016042246
-3537.89941260398
-3537.89941260398
-3537.73387076791
-3537.73387076791
-3537.73387076791
-3537.17948143426
-3537.43940035483
-3537.43940035483
-3537.76175273345
-3536.99201976737
-3536.01200108068
-3536.84301315848
-3535.4244456763
-3537.98103852314
-3539.24657896798
-3540.98346268484
-3536.64267934957
-3536.55912486954
-3534.18064224009
-3536.73502193578
-3538.50870645336
-3536.68330395863
-3537.34485687895
-3537.57127712759
-3536.3837080629
-3538.3357960099
-3538.78550733018
-3539.10862868486
-3542.48824772325
-3542.48824772325
-3543.14796423182
-3540.07231486637
-3542.45940491104
-3538.82648533797
-3543.60568003143
-3536.65643847018
-3538.35201976765
-3537.20891644649
-3536.68496823628
-3534.38657033193
-3534.04803314345
-3537.12998476736
-3534.22027320781
-3532.59828334302
-3533.92161919046
-3534.12931039835
-3535.91698169395
-3537.16324091114
-3538.98543442911
-3537.80172579589
-3537.85723303504
-3535.39001094684
-3535.39001094684
-3534.63179983183
-3536.39193280353
-3536.95137499957
-3539.27663925016
-3536.51871550742
-3534.35315904839
-3533.30615027218
-3533.64225165725
-3535.00981499519
-3534.1667035383
-3534.82422319469
-3532.70526616733
-3532.70526616733
-3536.28787444396
-3534.70957314908
-3534.46992341471
-3543.35529967794
-3536.27339435448
-3537.90925971701
-3539.6808758941
-3538.82610311564
-3536.78585674003
-3536.30715763019
-3538.35168314474
-3537.62815043107
