"var1"
-3648.70734230208
-3650.14173316587
-3649.46391937512
-3647.72225427463
-3648.27153325113
-3650.34754197549
-3647.55421301491
-3645.72866925738
-3644.79470053864
-3645.19304397868
-3648.17188047922
-3645.09671896671
-3642.24427245412
-3643.36009983542
-3646.74137389146
-3646.525261695
-3648.19434279332
-3643.53695430082
-3640.48904071797
-3640.48904071797
-3640.48904071797
-3642.92908326888
-3646.95421856986
-3640.48904071797
-3641.64888382404
-3644.17791185011
-3644.17791185011
-3644.17791185011
-3644.21531210376
-3642.35986567107
-3644.21531210376
-3642.36799291984
-3644.21531210376
-3642.9997060977
-3642.9997060977
-3642.9997060977
-3647.10139658107
-3644.0305171464
-3645.08859555404
-3649.05223847284
-3642.9997060977
-3642.9997060977
-3643.1125603394
-3643.95906864266
-3642.41261899892
-3641.74768940604
-3649.40907111785
-3649.43386958589
-3643.02744950361
-3643.41131581463
-3643.41131581463
-3643.41131581463
-3642.33317925449
-3642.33317925449
-3642.33317925449
-3642.33317925449
-3642.33317925449
-3642.33317925449
-3643.31561141933
-3645.28133320914
-3645.88038486816
-3644.8457859476
-3642.33980582291
-3643.58650324588
-3645.372507809
-3647.13556137808
-3644.16508340998
-3642.33980582291
-3641.24812159903
-3640.38173386789
-3641.12465408118
-3641.12465408118
-3641.891877234
-3641.891877234
-3650.5605406016
-3643.726567954
-3648.63290183173
-3643.726567954
-3643.726567954
-3643.726567954
-3643.726567954
-3648.11300176943
-3643.726567954
-3640.69792385372
-3640.69792385372
-3639.29778329185
-3639.29778329185
-3639.29778329185
-3639.29778329185
-3643.726567954
-3643.726567954
-3639.29778329185
-3639.99614507161
-3640.58664853812
-3643.726567954
-3643.726567954
-3643.726567954
-3640.06934171425
-3642.87140154303
-3642.90435756032
-3644.45444750795
-3643.726567954
-3645.96516497256
-3640.31192626865
-3643.726567954
-3643.726567954
-3639.88716510794
-3641.41934629082
-3640.17497330378
-3640.17497330378
-3640.17497330378
-3639.56887783853
-3639.56887783853
-3639.56887783853
-3639.22898210597
-3639.22898210597
-3639.32293366613
-3641.17217788894
-3637.27966285426
-3637.27966285426
-3641.37606830543
-3641.13866085731
-3637.61138943441
-3637.61138943441
-3637.61138943441
-3637.61138943441
-3637.61138943441
-3637.41005324906
-3641.13866085731
-3637.41005324906
-3637.41005324906
-3644.46346680793
-3641.13866085731
-3637.41005324906
-3637.41005324906
-3642.02512668557
-3641.13866085731
-3637.5192961242
-3638.17303316716
-3636.96966191458
-3641.32362959227
-3636.96966191458
-3636.96966191458
-3636.96966191458
-3636.96966191458
-3636.96966191458
-3641.32362959227
-3641.32362959227
-3637.4810712359
-3641.32362959227
-3641.32362959227
-3637.50170374171
-3636.56957199094
-3641.32362959227
-3641.32362959227
-3639.58001299381
-3641.32362959227
-3638.38383626662
-3637.70059227254
-3640.39116329023
-3639.65417470587
-3642.96132073355
-3642.96132073355
-3640.77569665304
-3640.5122452489
-3640.5122452489
-3638.94462068085
-3638.94462068085
-3638.94462068085
-3638.94462068085
-3639.10425611111
-3639.10425611111
-3641.26337575697
-3637.22942818232
-3638.17646497835
-3638.17646497835
-3638.17646497835
-3641.26337575697
-3638.17646497835
-3638.17646497835
-3641.26337575697
-3641.26337575697
-3638.17646497835
-3638.17646497835
-3638.17646497835
-3638.17646497835
-3643.96490750092
-3643.46987957722
-3637.67211355852
-3637.67211355852
-3638.50682688702
-3638.50682688702
-3638.92858458837
-3638.92858458837
-3644.40158960025
-3643.06742035568
-3643.56462283001
-3638.92858458837
-3639.19677903868
-3639.19677903868
-3637.88761848115
-3637.88761848115
-3637.88761848115
-3637.88761848115
-3637.88761848115
-3637.88761848115
-3637.88761848115
-3637.40166432915
-3637.40166432915
-3643.56462283001
-3641.97941952836
-3639.72777859265
-3643.56462283001
-3641.97941952836
-3641.97941952836
-3639.02677980674
-3641.97941952836
-3642.69123883091
-3646.30223988201
-3644.08248730162
-3648.06288757715
-3644.22907225037
-3643.0298736526
-3641.26310757794
-3645.60293755116
-3645.60293755116
-3640.98754812273
-3641.68673207008
-3641.68673207008
-3641.68673207008
-3639.4590208125
-3642.17604489447
-3643.38356739223
-3643.38356739223
-3643.38356739223
-3642.17604489447
-3643.38356739223
-3642.17604489447
-3642.17604489447
-3642.06943751754
-3642.04063678337
-3641.45747812923
-3641.45747812923
-3641.51018097059
-3646.00462158601
-3641.51018097059
-3641.46077537772
-3641.46077537772
-3641.46077537772
-3641.46077537772
-3641.46077537772
-3641.46077537772
-3641.94644835502
-3641.46077537772
-3641.46077537772
-3641.27822971989
-3642.27918719067
-3642.00170140969
-3642.00170140969
-3642.00170140969
-3642.27918719067
-3642.27918719067
-3642.00170140969
-3642.00170140969
-3642.00170140969
-3642.00170140969
-3642.00170140969
-3646.472817766
-3642.00170140969
-3642.00170140969
-3642.56441704074
-3643.99812008437
-3642.56441704074
-3642.77325682239
-3643.99812008437
-3643.99812008437
-3642.77325682239
-3644.76903890439
-3641.22379636922
-3644.76903890439
-3640.62547042842
-3640.67022918977
-3644.76903890439
-3640.67022918977
-3640.67022918977
-3640.67022918977
-3638.6643360829
-3643.5550816548
-3643.5550816548
-3639.17068234635
-3639.17068234635
-3639.17068234635
-3639.22725509018
-3639.22725509018
-3639.22725509018
-3640.43170896904
-3640.43170896904
-3639.3556356341
-3639.63497370146
-3642.0613707731
-3641.14351794819
-3641.14351794819
-3641.45171844334
-3641.45171844334
-3641.45171844334
-3641.14351794819
-3641.14351794819
-3643.04882233268
-3642.00921380668
-3641.54204364961
-3641.34906233919
-3642.74250321136
-3641.54204364961
-3641.54204364961
-3642.25338907788
-3641.76044907951
-3641.5081359079
-3641.5081359079
-3642.32836543083
-3642.32836543083
-3643.89598504651
-3644.24712441646
-3643.97251591817
-3643.97251591817
-3644.70169953248
-3642.13733561455
-3642.13733561455
-3641.49758126156
-3641.49758126156
-3641.49758126156
-3641.49758126156
-3640.53646527136
-3641.49758126156
-3641.29091707242
-3641.52522941091
-3641.16591944386
-3641.16591944386
-3641.33095304032
-3641.33095304032
-3642.22277640877
-3641.36497559865
-3643.20240409211
-3642.01704063164
-3647.72356126653
-3642.01704063164
-3642.01704063164
-3644.30202937732
-3642.25062449833
-3642.25062449833
-3642.12014012223
-3642.12014012223
-3641.48697284885
-3641.48697284885
-3647.96727052641
-3641.65229167374
-3641.65229167374
-3641.65229167374
-3648.54249917923
-3641.13076435088
-3641.07423122097
-3639.75813066894
-3639.75813066894
-3639.75813066894
-3639.75813066894
-3639.36502533694
-3647.60605732185
-3639.36502533694
-3646.72731395662
-3639.36502533694
-3645.89679024261
-3639.5052964384
-3639.5052964384
-3639.5052964384
-3639.34972567475
-3639.34972567475
-3644.45397207161
-3639.27550002942
-3640.10528744663
-3644.07066648621
-3643.23088627155
-3640.95729013501
-3641.84367353744
-3641.84367353744
-3645.67414822357
-3641.84367353744
-3640.90228698697
-3640.90228698697
-3641.78208789378
-3641.78208789378
-3641.78208789378
-3642.909717045
-3642.909717045
-3641.69475952416
-3645.67603230522
-3646.72815531717
-3645.85764955232
-3641.0155723105
-3641.03705163889
-3641.03705163889
-3646.95401573033
-3642.37837994181
-3645.50376293443
-3641.99336305009
-3641.99336305009
-3641.99336305009
-3641.49681941058
-3641.49681941058
-3641.49681941058
-3647.09073834623
-3641.49681941058
-3651.68596528981
-3642.67628113833
-3646.77607298868
-3642.80194642361
-3642.80194642361
-3642.80194642361
-3642.80194642361
-3642.80194642361
-3642.80194642361
-3642.80194642361
-3651.28584710938
-3651.20423541546
-3642.28332141708
-3642.28332141708
-3642.28332141708
-3642.28332141708
-3642.28332141708
-3642.28332141708
-3642.28332141708
-3642.28332141708
-3642.28878123055
-3641.0408963113
-3641.0408963113
-3645.44533378912
-3640.51897348749
-3640.51897348749
-3640.51897348749
-3641.36090688349
-3646.55493504867
-3647.57253853115
-3642.07626506533
-3649.24275969731
-3642.57859581819
-3643.17347248758
-3643.17347248758
-3643.17347248758
-3647.28787858575
-3643.12244667374
-3639.05650502221
-3639.05650502221
-3639.05650502221
-3639.05650502221
-3639.05650502221
-3639.05650502221
-3639.05650502221
-3639.05650502221
-3639.96079676134
-3651.94330242494
-3639.28624360759
-3644.59654294027
-3639.09032711455
-3639.09032711455
-3639.09032711455
-3639.09032711455
-3639.86177951101
-3639.01457782727
-3639.85493151276
-3644.76084241054
-3644.76084241054
-3645.46039605092
-3644.64116645628
-3646.1424406741
-3644.64116645628
-3644.63376888911
-3646.32217065971
-3645.44346475823
-3648.66032616708
-3639.09292115298
-3639.09292115298
-3639.09292115298
-3639.09292115298
-3641.36686228975
-3641.36686228975
-3643.08316572641
-3647.29667776891
-3647.28413629427
-3642.77819339408
-3642.77819339408
-3641.56241191588
-3644.67430039428
-3642.94307575967
-3642.94307575967
-3647.08559244767
-3643.46786312481
-3642.35210850966
-3640.85211173094
-3640.85211173094
-3639.03947322436
-3646.98667697482
-3639.58486452791
-3639.58486452791
-3639.58486452791
-3639.58486452791
-3639.58486452791
-3638.58409698035
-3638.58409698035
-3638.742669131
-3638.742669131
-3638.742669131
-3640.06709723238
-3640.06709723238
-3639.32519590863
-3639.32519590863
-3639.32519590863
-3639.32519590863
-3639.83974381788
-3639.83974381788
-3643.9908675069
-3639.02928752173
-3638.6188900154
-3638.76460499707
-3646.26418912043
-3639.71679851828
-3639.71679851828
-3639.71679851828
-3639.71679851828
-3641.21487175464
-3641.21487175464
-3647.22186274631
-3641.21487175464
-3641.21487175464
-3642.88698007724
-3645.90236855591
-3639.24891924213
-3638.93502161087
-3638.93502161087
-3638.93502161087
-3638.93502161087
-3638.93502161087
-3639.6310236017
-3639.6310236017
-3639.45042727987
-3645.22605900811
-3644.33526964479
-3642.04189465833
-3643.37105220151
-3642.04189465833
-3642.04189465833
-3642.01657314803
-3642.01657314803
-3640.50245418389
-3640.50245418389
-3651.36974562524
-3640.34674678882
-3640.34674678882
-3640.97251684053
-3640.85991743058
-3640.20491446714
-3639.85283190622
-3641.38087377453
-3641.38087377453
-3639.35956020781
-3645.41726298449
-3639.35956020781
-3641.23903734099
-3642.01173143324
-3651.17236600148
-3641.88541440104
-3641.35643916625
-3640.66080475454
-3640.66080475454
-3640.60324709982
-3640.69586882712
-3644.59997228545
-3640.80274991094
-3644.39112959728
-3640.80274991094
-3640.80274991094
-3647.56335322221
-3640.80274991094
-3641.29353105224
-3642.2969960752
-3642.2969960752
-3640.77066129394
-3641.26500226562
-3641.26500226562
-3641.26500226562
-3647.97530265394
-3641.81124377554
-3640.75134787349
-3640.98096564958
-3640.98096564958
-3640.43083950368
-3647.48780140984
-3640.43083950368
-3640.43083950368
-3646.33018165442
-3640.43083950368
-3640.53845744784
-3641.6350616338
-3641.89820315146
-3641.33426209776
-3642.09849520823
-3649.65631878847
-3650.21721321066
-3642.09849520823
-3642.09849520823
-3642.09849520823
-3642.09849520823
-3644.03442110541
-3642.09849520823
-3641.90129023792
-3641.90129023792
-3645.55197805489
-3644.89157138655
-3642.20614184936
-3641.25864838724
-3641.25864838724
-3644.89157138655
-3641.74902675135
-3646.0223538529
-3646.0223538529
-3641.74902675135
-3641.74902675135
-3642.36896922234
-3642.47465395414
-3646.18317288932
-3644.69133333082
-3643.81100814424
-3645.29404957917
-3644.69133333082
-3643.81100814424
-3640.59667363639
-3642.25865170582
-3640.43432812938
-3640.92563713251
-3640.92563713251
-3639.27020406282
-3644.01382250226
-3639.837876551
-3639.837876551
-3646.19055901558
-3639.837876551
-3644.08114704774
-3640.70441169703
-3640.80152523686
-3639.36151467565
-3637.9911930538
-3638.7062999207
-3644.46693925637
-3645.5692557965
-3638.14334862858
-3642.44586269073
-3643.00933291891
-3639.28866009394
-3639.98282654213
-3642.03069227066
-3641.68922755367
-3640.50252610475
-3640.32055832961
-3640.51872290382
-3640.51872290382
-3641.59275272218
-3641.59275272218
-3644.61038932202
-3641.59275272218
-3647.035118197
-3641.59275272218
-3642.97313599536
-3642.73013028563
-3645.32815864109
-3642.21722500347
-3645.32815864109
-3642.21722500347
-3643.6893086411
-3643.6893086411
-3644.37259450355
-3644.37259450355
-3642.81057256105
-3643.6893086411
-3642.81057256105
-3642.81057256105
-3642.29931713488
-3639.92975091271
-3638.77073810167
-3644.65617127909
-3638.59776226314
-3638.59776226314
-3639.04253171241
-3638.84171978507
-3639.44716498287
-3639.44716498287
-3638.28157239438
-3638.28157239438
-3638.28157239438
-3638.63056728141
-3638.6616779184
-3637.42083926434
-3638.91272734624
-3636.24133301459
-3636.60779233785
-3637.95444493288
-3638.62821804182
-3636.97448410934
-3636.97448410934
-3636.00691686372
-3635.69488759324
-3637.85325449103
-3636.55853968197
-3638.14734049122
-3636.55853968197
-3638.14734049122
-3635.81032557582
-3638.14734049122
-3638.14734049122
-3638.14734049122
-3638.15355965704
-3640.11107549612
-3637.88109569747
-3641.04260460563
-3642.74925142587
-3637.88109569747
-3637.88109569747
-3638.00014972354
-3640.14034884144
-3638.00014972354
-3638.00014972354
-3638.57120019667
-3638.26664473258
-3637.79052730849
-3638.4548198302
-3639.49326672499
-3638.89726945702
-3638.89726945702
-3638.89726945702
-3638.25969870126
-3638.89726945702
-3638.05885511779
-3638.05885511779
-3637.90557800922
-3637.18221870771
-3637.18221870771
-3637.09560790692
-3637.39875086401
-3637.4261725943
-3639.33356817933
-3637.4261725943
-3637.64530805219
-3637.39136808535
-3637.41138177664
-3637.75007113656
-3637.7105048816
-3637.43041299352
-3638.24040005731
-3637.41138177664
-3638.24040005731
-3638.77242779886
-3638.24040005731
-3641.56175572725
-3638.24040005731
-3640.34649236719
-3640.34649236719
-3638.40774620102
-3642.41073013628
-3645.04783193433
-3641.48444208861
-3639.85267764102
-3638.68398263669
-3638.68398263669
-3641.03627959642
-3639.06802106387
-3640.76110898149
-3638.68398263669
-3638.68398263669
-3638.77460457009
-3638.68398263669
-3641.43862666062
-3635.04499659013
-3632.82844426294
-3632.82844426294
-3632.82844426294
-3640.01306485483
-3633.74882491768
-3634.06552890972
-3636.6078868186
-3634.41114118216
-3633.94558912523
-3634.08420463513
-3637.04279602655
-3636.21205666364
-3638.99939889453
-3640.23519387482
-3638.80504269457
-3638.66374661764
-3638.10707342578
-3638.48560871742
-3644.11361609094
-3640.38717816706
-3637.86044258958
-3637.86044258958
-3637.86044258958
-3637.71344058041
-3640.38717816706
-3640.39846386246
-3640.24031467271
-3641.90187666072
-3641.79568118976
-3641.761966689
-3641.26436039687
-3641.761966689
-3640.55709206559
-3641.761966689
-3643.33864596693
-3641.96597913888
-3640.97798050089
-3643.5001257577
-3643.23110077192
-3645.29913346704
-3641.81311410304
-3644.2794055566
-3640.70520879372
-3639.29372923088
-3644.93832245884
-3641.73809657275
-3641.73809657275
-3641.73809657275
-3641.60934529204
-3641.60934529204
-3641.53406435093
-3637.23293040702
-3640.59635261064
-3637.23293040702
-3637.23293040702
-3636.11754622757
-3636.11754622757
-3641.04461256279
-3636.11754622757
-3635.91549242155
-3635.91549242155
-3641.63605023308
-3636.85128710494
-3636.85128710494
-3636.85128710494
-3636.85128710494
-3636.85128710494
-3636.85128710494
-3636.85128710494
-3640.77493579941
-3640.77493579941
-3638.11331640189
-3638.11331640189
-3640.36149298934
-3646.05573961936
-3638.84421233237
-3640.73992284905
-3638.04249452955
-3638.04249452955
-3640.80465340141
-3638.37313688006
-3640.80465340141
-3638.37313688006
-3640.80465340141
-3638.37313688006
-3642.20457717899
-3638.91855809583
-3638.91855809583
-3643.22936261386
-3639.65214425996
-3639.65214425996
-3639.23464618747
-3639.23464618747
-3639.23464618747
-3639.23464618747
-3639.23464618747
-3640.4342337048
-3639.2098444214
-3639.2098444214
-3639.53591313331
-3639.53591313331
-3639.53591313331
-3639.53591313331
-3640.48357312014
-3640.90275709594
-3640.90275709594
-3641.69426264865
-3641.69426264865
-3642.27855250574
-3643.40497144087
-3644.62342259851
-3644.57161886141
-3643.73765416041
-3644.01393196368
-3644.01393196368
-3640.73070879418
-3640.73070879418
-3641.00808912868
-3640.10890024676
-3640.4362444316
-3637.3624033207
-3637.3624033207
-3637.3624033207
-3636.72045756793
-3636.72045756793
-3636.72045756793
-3636.72045756793
-3637.65784268303
-3642.51570971408
-3636.8047748192
-3636.8047748192
-3642.51570971408
-3637.52751904875
-3642.34655782866
-3636.29812782431
-3636.29812782431
-3634.54945655142
-3634.54945655142
-3634.54945655142
-3634.54945655142
-3634.54945655142
-3636.62603083573
-3636.05846596671
-3636.32739282069
-3637.27945027176
-3647.39097771376
-3634.88635489949
-3636.19266321341
-3637.43071324147
-3637.43071324147
-3636.5715821265
-3636.5715821265
-3636.5715821265
-3636.5715821265
-3638.13958794916
-3636.62195653056
-3636.62195653056
-3636.66291530298
-3637.15186391643
-3636.23186481346
-3636.23186481346
-3646.34662547999
-3637.7989842724
-3637.7989842724
-3639.41976470339
-3635.42895881415
-3635.30325688629
-3635.30325688629
-3635.51247904351
-3638.58974934007
-3638.58974934007
-3635.35509989323
-3642.35718933794
-3636.16539958841
-3636.89280973638
-3636.89280973638
-3638.81866177707
-3637.69635290133
-3639.0614054073
-3637.93066640522
-3637.93066640522
-3636.06092787024
-3635.08211719301
-3634.69477884511
-3634.69477884511
-3634.69477884511
-3634.69477884511
-3634.69477884511
-3634.69477884511
-3636.28631035281
-3640.17715990879
-3638.60241971817
-3637.42227288825
-3637.42227288825
-3640.38247746062
-3643.23369096948
-3636.36093726077
-3635.32338188695
-3635.09521669958
-3635.09521669958
-3635.09521669958
-3635.09521669958
-3638.12806977439
-3635.94067794956
-3637.97912512036
-3639.60486024206
-3636.52960995832
-3639.49601290166
-3636.52960995832
-3636.15433514335
-3636.15433514335
-3636.25715804972
-3634.664767727
-3635.25523204648
-3635.25523204648
-3634.66185408046
-3634.90814714215
-3635.27085011006
-3636.29017192663
-3634.90816412999
-3635.56884765291
-3635.56884765291
-3634.54830421147
-3634.51036287148
-3634.51036287148
-3634.33044160164
-3634.33044160164
-3633.90587628209
-3633.90587628209
-3633.90587628209
-3636.19800416108
-3635.4460232124
-3637.26874380861
-3636.00683340182
-3636.20867120209
-3633.1649581016
-3633.41494492479
-3632.6960523082
-3632.6960523082
-3633.29971101448
-3633.29971101448
-3632.87118401968
-3632.87118401968
-3632.87118401968
-3634.00666850691
-3632.1965603456
-3632.48264183472
-3632.48264183472
-3632.21104279182
-3632.55827901392
-3632.55827901392
-3632.71042078241
-3632.71042078241
-3633.14907153479
-3632.5034053546
-3640.90573207763
-3635.49673101142
-3640.90573207763
-3632.73184283457
-3632.73184283457
-3632.73184283457
-3632.73184283457
-3632.73184283457
-3633.94434405094
-3634.46694206947
-3635.69783514364
-3635.41210088322
-3639.56095160643
-3635.60962501832
-3635.60962501832
-3635.60962501832
-3640.25369024378
-3634.43198349796
-3634.94627247299
-3635.73952359743
-3640.30507887974
-3634.77064947775
-3635.03043996866
-3634.00753816112
-3635.74418036876
-3639.58292856391
-3634.28372020262
-3634.28372020262
-3634.28372020262
-3641.46580859277
-3640.8376837134
-3634.25112477592
-3634.25112477592
-3642.26349930261
-3642.40704097508
-3642.69116102257
-3642.87832286116
-3642.63248089006
-3633.87429074853
-3633.87429074853
-3634.37891776314
-3634.6936317454
-3634.6936317454
-3641.1602854016
-3642.50065734277
-3634.50333691165
-3634.50333691165
-3634.50333691165
-3645.01500975178
-3634.62940280121
-3634.62940280121
-3634.62940280121
-3635.70317934177
-3635.70317934177
-3634.29857447217
-3634.29857447217
-3634.29941204682
-3639.65904309059
-3632.82425813351
-3635.84914353547
-3641.64415400345
-3635.87771583304
-3635.87771583304
-3641.33382706423
-3634.18530042522
-3634.18530042522
-3634.80576557887
-3634.73533304228
-3634.73533304228
-3634.76898020901
-3634.38225342081
-3634.38225342081
-3634.38225342081
-3634.38225342081
-3634.18083755711
-3633.66644808688
-3633.76593571156
-3634.82860583506
-3633.97882906971
-3634.03612436844
-3634.02692905423
-3634.12730540082
-3634.5141832747
-3639.99529514416
-3634.5141832747
-3634.5141832747
-3634.5141832747
-3634.5141832747
-3634.53390935013
-3635.55912857972
-3635.96787045341
-3636.47375452523
-3636.47375452523
-3647.12125535124
-3636.08984752471
-3636.08984752471
-3636.08984752471
-3636.08984752471
-3636.08984752471
-3636.00527985896
-3637.05701677913
-3636.00527985896
-3635.83826103619
-3636.61338612962
-3636.61338612962
-3635.77016517685
-3635.55636710693
-3638.96252168555
-3637.37725106152
-3635.99076706218
-3635.99076706218
-3636.07988359518
-3636.19047583929
-3636.23680817029
-3636.23680817029
-3639.54742371212
-3636.77301931359
-3640.24436392041
-3636.21301415829
-3636.21301415829
-3636.21301415829
-3636.82258751645
-3636.82258751645
-3638.0752885591
-3637.72884498495
-3636.66042108776
-3636.66042108776
-3636.66042108776
-3637.02109442628
-3635.97754412816
-3635.67790843991
-3635.65462035539
-3635.63437401455
-3635.80266509777
-3635.80266509777
-3636.95159094973
-3638.9796963683
-3635.69234942765
-3635.69234942765
-3636.72131224282
-3636.62879272011
-3636.62879272011
-3636.51871858194
-3638.34868484421
-3636.66430349115
-3636.60663855874
-3636.60663855874
-3636.36649711864
-3636.73667866884
-3636.36649711864
-3636.24605179544
-3637.12783284731
-3640.1346931394
-3640.40219103604
-3641.1431591745
-3641.51184765396
-3640.52117098045
-3641.04410820563
-3640.28804468412
-3640.58521887194
-3641.0672235593
-3640.10605295298
-3640.51036209808
-3641.34980361809
-3641.42864935536
-3642.42681819092
-3643.36449891903
-3642.96032353554
-3641.81935348428
-3641.67435651247
-3641.25589609432
-3642.18060435596
-3642.98172878474
-3644.84477080043
-3642.27930932249
-3647.55004642172
-3641.13302736928
-3641.20184856085
-3641.30673468825
-3640.6798558883
-3640.28034776895
-3641.05981020806
-3641.40573110842
-3641.21751494737
-3641.86312217763
-3643.264854053
-3642.16874925496
-3645.52518435661
-3645.72123897947
-3644.56685822683
-3641.38014690485
-3641.50032525185
-3641.97522724463
-3642.59679744293
-3647.52284613085
-3642.7313151864
-3643.87701020012
-3644.09202063995
-3644.04158226073
-3642.46614939381
-3641.89274466191
-3641.70573231975
-3646.71028567036
-3647.85819161347
-3647.62142710488
-3647.27965973588
-3647.93950942661
-3648.8441377859
-3648.79019976355
-3646.07843056751
-3642.05308018592
-3642.05618552285
-3641.71077020859
-3645.18655009578
-3641.86013104761
-3643.10780127112
-3643.42236059276
-3637.20577682259
-3636.74296180947
-3635.07311719775
-3634.12167166913
-3633.54499830803
-3635.90938679355
-3635.86744224367
-3636.41161154089
-3639.10901617573
-3635.74977880865
-3636.75204484797
-3634.17251353208
-3633.51687416112
-3637.95620998726
-3633.74072221359
-3633.74072221359
-3633.74072221359
-3634.5696713171
-3635.06817700897
-3643.13133622749
-3635.48771923182
-3635.56222466698
-3635.8548340716
-3637.26912108218
-3637.86598509971
-3638.73681517329
-3638.46155938261
-3637.0679124001
-3636.50076052547
-3637.2409152492
-3637.76620370761
-3645.96184270742
-3644.01577160069
-3640.81264675632
-3640.25418570464
-3641.2005482847
-3641.2005482847
-3639.67301343873
-3640.46098560543
-3640.61364037274
-3639.6815616865
-3638.50266062971
-3638.67544343305
-3637.42957547438
-3645.0196479799
-3638.98437754545
-3638.06094713891
-3639.12871104569
-3638.05985601231
-3644.88270912407
-3635.43299048824
-3635.26488721098
-3634.7605673738
-3634.00807287058
-3634.84199468902
-3633.59739888752
-3633.32103570164
-3638.31059474987
-3636.91453972271
-3638.83796198407
-3638.36712660902
-3638.21358917244
-3637.35157639245
-3637.25398026501
-3637.63778826126
-3636.56206600591
-3634.43181772299
-3634.43181772299
-3634.43181772299
-3634.5548686043
-3634.90482096012
-3634.83641748212
-3635.00267214524
-3634.00486048914
-3634.00486048914
-3633.66496022564
-3633.91312971394
-3633.91312971394
-3638.28501668886
-3635.58336622757
-3634.10216961793
-3635.01113541763
-3635.73514864954
-3635.13740959395
-3634.19272946851
-3634.19272946851
-3635.37052014009
-3634.94579552546
-3635.44936460048
-3634.38418916082
-3634.80548816491
-3634.96511799201
-3634.93294174749
-3634.86804801518
-3634.43755641565
-3638.78787056543
-3637.27259226382
-3636.45755503088
-3637.7305759062
-3638.65870450417
-3639.11878631028
-3639.58132659594
-3646.55708814864
-3639.33416493166
-3639.94237348101
-3639.98400592502
-3639.82039525854
-3637.73534009429
-3638.09661776645
-3641.93076252375
-3643.15615363335
-3644.39308398414
-3641.30968047797
-3641.98428594607
-3641.42416562735
-3641.88488942425
-3642.21688729215
-3641.45975199535
-3640.87127973153
-3643.82793734178
-3636.90906423656
-3637.72751744706
-3637.2013598595
-3640.24200872312
-3638.48311344978
-3639.45747053723
-3639.94735651916
-3640.37292248178
-3647.57235988925
-3638.27661664629
-3636.86030217447
-3638.26100125786
-3639.74937584505
-3638.35191845836
-3634.66724416911
-3633.63460919254
-3633.80496199175
-3633.80496199175
-3633.47607879218
-3631.99745579567
-3631.99745579567
-3632.07873871905
-3633.14497503201
-3632.79621521449
-3632.85993507515
-3632.30617198895
-3632.30617198895
-3632.84524607717
-3632.84524607717
-3632.84524607717
-3632.84524607717
-3632.81052846731
-3632.81052846731
-3632.81052846731
-3632.81052846731
-3632.81052846731
-3632.81052846731
-3632.64630021528
-3632.64630021528
-3632.64630021528
-3631.95145857927
-3631.95145857927
-3631.95145857927
-3631.95145857927
-3631.95145857927
-3632.09890429054
-3632.09890429054
-3632.09890429054
-3632.09890429054
-3632.09890429054
-3632.09890429054
-3632.09890429054
-3632.12020092517
-3632.1341331032
-3634.33921820638
-3634.33921820638
-3632.57105658654
-3632.57105658654
-3633.66142513915
-3633.66142513915
-3633.80566829918
-3633.80566829918
-3633.80566829918
-3633.07032186938
-3637.94556690482
-3637.04337094392
-3635.80333745983
-3636.86523617758
-3634.48481121957
-3633.55244613406
-3635.32699009969
-3634.61304395409
-3634.62237466422
-3634.84226259854
-3635.92739223852
-3635.93248615069
-3635.93248615069
-3637.5970845693
-3637.11158190598
-3635.85273326836
-3635.85273326836
-3635.85273326836
-3637.37851788945
-3638.25644262793
-3634.81434569672
-3634.81434569672
-3634.81434569672
-3634.81434569672
-3636.36669588776
-3637.3387778302
-3635.92084430483
-3637.29690555438
-3636.22023500026
-3638.59925408889
-3635.9479129231
-3635.09864564749
-3635.22221282419
-3634.90419164241
-3634.90419164241
-3634.90419164241
-3634.90419164241
-3634.53868413586
-3634.53868413586
-3640.73934058956
-3638.49057014209
-3635.3975688952
-3634.42234664036
-3635.98801713261
-3635.58962063457
-3636.47810443088
-3636.91933187783
-3637.61591126441
-3637.42516613639
-3644.80977904855
-3643.25951976815
-3639.98534711859
-3643.31092886832
-3640.49918610324
-3640.30699834751
-3640.52730850348
-3642.29524230026
-3643.98341977039
-3644.10487258526
-3642.47856410346
-3640.59070232681
-3640.76988835431
-3642.27028425172
-3641.09103123623
-3643.30195266802
-3641.00415070526
-3641.00415070526
-3641.00415070526
-3641.09276636152
-3641.09276636152
-3641.19949405626
-3642.41507350944
-3642.41507350944
-3646.02688587835
-3646.02688587835
-3642.06226275894
-3641.86643614881
-3642.81124568179
-3642.81124568179
-3644.2728146116
-3643.14220643513
-3643.1538821985
-3643.1538821985
-3645.84766315098
-3644.90941540521
-3647.14945275752
-3648.3155826119
-3645.07740251198
-3647.40312937833
-3647.02145628388
-3644.37210165917
-3641.79923494182
-3644.05074455788
-3641.20040158413
-3642.28511117575
-3643.06055753234
-3644.13244030197
-3643.57084004964
-3643.57084004964
-3643.29245461925
-3643.95737798355
-3643.25360381821
-3643.6576401454
-3645.24200788317
-3645.4441993787
-3645.4441993787
-3645.2025194883
-3647.00389638097
-3646.57883961276
-3646.6390019946
-3646.04253530013
-3644.61488365212
-3646.54040099506
-3646.54040099506
-3646.54040099506
-3646.12565764055
-3647.70492425911
-3645.246795011
-3645.246795011
-3645.50988528467
-3645.50988528467
-3645.11446750193
-3645.11446750193
-3645.11446750193
-3645.11446750193
-3645.22390688893
-3647.03091957005
-3646.13452788176
-3646.91160368025
-3649.21808158646
-3646.47567449849
-3646.92185845835
-3645.12383853924
-3646.16781759411
-3644.960024823
-3644.960024823
-3644.960024823
-3644.960024823
-3644.960024823
-3644.960024823
-3645.35989727206
-3645.35989727206
-3645.08184268147
-3646.68287545215
-3650.47512561077
-3646.80835014826
-3649.13350096448
-3647.15467041823
-3644.57769509702
-3645.49950698624
-3644.72936818103
-3644.72936818103
-3646.11640130606
-3646.11640130606
-3646.11640130606
-3646.11640130606
-3651.61941708395
-3646.18944827378
-3651.36343128127
-3646.50066843927
-3652.62713302621
-3646.04580678859
-3646.04580678859
-3649.73838322865
-3645.26003651417
-3647.14553884162
-3645.02813804113
-3645.62134229956
-3645.62134229956
-3647.14532422671
-3647.4108731584
-3647.4108731584
-3650.37837968107
-3648.3685482602
-3647.31595458562
-3646.66077232579
-3646.66077232579
-3650.10617349635
-3646.66077232579
-3646.66077232579
-3647.59815239798
-3650.45544361489
-3650.08529574765
-3649.3953802382
-3649.41159238618
-3651.7763771671
-3648.02415803851
-3647.28362942082
-3647.28362942082
-3646.44926378605
-3648.16902348439
-3649.24514911843
-3649.24514911843
-3646.426402477
-3646.57849283916
-3648.6603962119
-3645.93413406893
-3646.31357981414
-3646.31357981414
-3646.98910866049
-3646.47323658697
-3646.47323658697
-3648.15734717825
-3644.97807767089
-3644.71410784293
-3644.71410784293
-3644.71410784293
-3644.71410784293
-3647.88931492754
-3643.76839229966
-3643.76839229966
-3645.16386564093
-3644.91575543413
-3645.06005331388
-3646.07995477732
-3647.86409711386
-3648.06478192829
-3645.05568165991
-3646.90773598118
-3648.0976272909
-3649.67672059277
-3649.83949253852
-3650.58461380961
-3647.13819262036
-3645.96091415531
-3644.74255284831
-3643.91169506377
-3644.99461217214
-3647.13036091184
-3646.49026051112
-3646.6204072951
-3647.30170471849
-3649.03598400953
-3648.35891306117
-3647.35380797343
-3648.04981562929
-3652.4690116623
-3648.13468670917
-3647.74862701295
-3648.49343343742
-3647.38090214622
-3648.86626736968
-3646.98516217798
-3646.33331282077
-3647.10969334981
-3646.12261167949
-3646.84998330763
-3645.57070379046
-3645.57370531847
-3645.86464391003
-3645.51810060638
-3645.83730145322
-3644.66370191223
-3645.2915236787
-3644.78893619236
-3645.00729174287
-3647.69277770701
-3653.83692387469
-3646.05643165872
-3651.75789450761
-3648.56505186183
-3645.79225728007
-3646.38792125041
-3646.27882080521
-3645.47616848063
-3645.6488544453
-3645.78817027656
-3647.73006225704
-3645.67958414307
-3645.13206464115
-3645.41375061669
-3645.57007666315
-3644.80601330561
-3645.58720166149
-3645.14006972821
-3646.22855017616
-3642.87119866414
-3643.72302521707
-3640.87153475523
-3640.85943744416
-3640.64627915466
-3641.65387886508
-3643.50856598163
-3642.21422318375
-3639.31878118703
-3639.21810808471
-3640.50333725891
-3640.15926360519
-3639.14394089962
-3640.16484315065
-3638.547470501
-3637.63822911051
-3638.06191213566
-3640.23292271985
-3637.46326205013
-3636.97576134731
-3636.96635715298
-3638.66144724259
-3637.93033025363
-3641.38244268169
-3642.008570141
-3638.75707875965
-3641.09932379747
-3637.88735565008
-3642.27417388197
-3637.56487688793
-3638.23868809121
-3636.65212093088
-3636.5595963009
-3636.69143686059
-3640.87801697175
-3637.24956180655
-3637.24956180655
-3636.90380543199
-3639.95199229498
-3642.10290872114
-3642.21891658267
-3640.67606890184
-3640.11134477646
-3643.16097199119
-3641.77918632935
-3641.83700575708
-3642.77960091207
-3643.1962596539
-3640.01457513163
-3640.5336804096
-3640.33652205183
-3641.95581501683
-3638.72811137214
-3641.00568497235
-3641.08569697021
-3643.60187999588
-3640.7967006618
-3642.91389564904
-3641.89581236829
-3640.59183003831
-3644.40695436309
-3639.43655001673
-3639.3743304526
-3641.74987993131
-3644.1575784034
-3638.4886173805
-3637.90634697973
-3638.20329636744
-3637.97219836871
-3637.45381894897
-3636.81429477437
-3637.05930657932
-3637.31243383788
-3637.84401693579
-3636.96542284545
-3637.15238013712
-3637.08324891868
-3638.06555097805
-3646.12912894708
-3644.73191077852
-3640.4411249509
-3636.52791846823
-3632.72933429106
-3633.15377282237
-3632.75286792788
-3633.81942365152
-3634.29947331523
-3637.13728660271
-3636.00395355685
-3638.52908604821
-3634.27143831564
-3634.70947776675
-3633.58884079376
-3633.32010056333
-3633.75083799559
-3634.3665911666
-3633.73122757593
-3633.97120614025
-3634.42133427505
-3634.42133427505
-3634.69254504904
-3636.13825635246
-3635.84800344643
-3636.57137124449
-3636.30473203261
-3634.66153404838
-3633.94568475638
-3635.60044023444
-3638.65978114192
-3636.93467944827
-3636.24246600138
-3636.0231571078
-3635.43229000601
-3635.99596125869
-3635.99018898115
-3648.59317232246
-3637.29174953499
-3638.38730556511
-3642.51874315278
-3638.52420284157
-3636.98791401706
-3635.26047696286
-3635.13847684614
-3634.86575546218
-3634.80531707963
-3634.70704401285
-3634.70704401285
-3634.5001080252
-3633.71617768356
-3634.36280960664
-3634.62062957796
-3637.44421155228
-3634.05558884711
-3634.71380331879
-3634.42913709729
-3634.40789943687
-3636.97741269834
-3633.78480756913
-3638.25284462914
-3636.67574204399
-3635.81424495149
-3636.59791139695
-3635.94030092723
-3634.88118449373
-3634.98534466392
-3636.21967630963
-3635.66450387757
-3635.59758080382
-3635.14113734912
-3634.94738843206
-3636.682178851
-3635.10561376157
-3636.51122870895
-3638.51576613441
-3636.67887067123
-3635.73578996722
-3636.1362848271
-3636.06917845074
-3637.09511760204
-3638.70665622205
-3636.51971377048
-3634.50533488581
-3633.59130113837
-3633.5225518316
-3635.98783130485
-3635.21727920477
-3636.07532973155
-3637.00796909057
-3637.1884179726
-3635.19066762895
-3635.92694047811
-3636.69508464763
-3634.9402386195
-3635.50946551965
-3634.17467314942
-3636.11874168975
-3635.46516220803
-3636.91831670599
-3636.37807703874
-3635.4905335233
-3634.37849795832
-3633.90483477508
-3633.89584258224
-3634.45941589302
-3633.90870418742
-3635.11932206698
-3638.55955897087
-3635.67756927451
-3639.89978563288
-3634.73759211463
-3634.57769286725
-3634.85436481955
-3634.25604377126
-3637.04657488366
-3634.90170692874
-3635.1459551862
-3634.59189888256
-3634.51011552531
-3633.02399842573
-3632.36883100294
-3633.37401004193
-3632.5782052413
-3635.19668355978
-3632.38756013337
-3632.8976803119
-3634.99073699061
-3633.16832810394
-3633.43327223158
-3633.49271880994
-3631.65563278136
-3632.64284867589
-3634.2195544468
-3633.92255682783
-3634.23133835273
-3633.14934580738
-3634.68820003633
-3632.89248324478
-3633.94052470425
-3634.54457075477
-3634.71639358648
-3637.2989148242
-3635.24240629651
-3636.34784540589
-3636.23053902134
-3636.10011832839
-3635.91979409462
-3637.59463269453
-3637.06725849206
-3637.25183277844
-3636.9117379708
-3637.93835105308
-3638.3097498465
-3640.53437086649
-3640.18766312432
-3644.2872504062
-3645.25832305707
-3644.47842185835
-3643.58918816728
-3644.88827264154
-3643.87121147722
-3642.55644937609
-3642.94442509754
-3643.27910518875
-3645.07811135589
-3642.85521671529
-3642.62408361803
-3640.96561014909
-3641.66072588212
-3638.2614225076
-3637.78802100735
-3639.26434215846
-3640.57751234275
-3638.8534774284
-3639.56540420698
-3639.09682549191
-3640.37198684488
-3640.1592248248
-3640.45912437201
-3638.63662640148
-3640.73135093292
-3638.27254193196
-3639.77828063103
-3640.07880062102
-3640.443642582
-3638.46455362297
-3638.5806564215
-3639.99902286431
-3640.25685120979
-3637.43034946963
-3639.48059736016
-3637.9625671058
-3638.24722701023
-3636.82273513456
-3637.32291969792
-3638.48459167509
-3636.94967369974
-3636.6652644775
-3636.48612976534
-3636.76900833243
-3637.08914874329
-3637.61593729452
-3637.73638425261
-3637.73638425261
-3637.80959193305
-3637.08524474248
-3638.44809285387
-3638.01579226085
-3637.0002855485
-3639.96899943269
-3637.17262927987
-3635.85027255582
-3635.93613510786
-3638.32074518641
-3639.16473390435
-3638.26588079485
-3638.74555377925
-3644.11403934316
-3641.45331717806
-3641.9225076628
-3640.40609412005
-3637.97828016682
-3636.07778314076
-3635.96057625913
-3637.81547888428
-3637.01808408018
-3637.16581493505
-3636.70397106437
-3636.53877612546
-3636.93278956522
-3638.19768501018
-3635.39124112836
-3636.75809195528
-3634.7731965377
-3634.83145214556
-3634.88731013457
-3633.91745543369
-3635.39195030554
-3634.74170829665
-3634.74170829665
-3635.58338304533
-3635.38161655409
-3634.04068862143
-3633.31500254069
-3632.91385884528
-3633.46754146793
-3635.01972630034
-3635.15499365435
-3633.52757277755
-3636.75836413829
-3637.36364625987
-3632.92073609087
-3633.68220113891
-3634.57660249439
-3633.48292495242
-3632.83889322616
-3632.83889322616
-3634.20541183703
-3634.42909412522
-3634.93831033204
-3636.51228786132
-3637.30280038575
-3637.22234455337
-3637.47334247546
-3636.19638853188
-3636.40289164479
-3634.1711593899
-3635.35223790579
-3638.7786247355
-3637.42947233538
-3636.55245241034
-3635.56579780246
-3634.67578473168
-3632.94093500501
-3640.12975914088
-3633.59163282837
-3636.33056229055
-3635.95078171037
-3635.92126027003
-3633.81995614456
-3633.02773462267
-3632.90078528638
-3636.46828759801
-3633.31660717242
-3633.02321857716
-3634.08698007694
-3636.62888213437
-3634.39582774014
-3633.81698858213
-3634.05742102497
-3635.26987331485
-3634.52180505773
-3634.07669009531
-3633.13332336442
-3634.68767084674
-3634.68767084674
-3634.15794338632
-3635.59556587394
-3635.51036625222
-3637.04751720824
-3634.14940670659
-3634.62486787898
-3635.70361596011
-3635.40004572721
-3635.38264292224
-3633.29665560573
-3632.16218186401
-3632.81238959343
-3631.97529234505
-3634.03363674561
-3634.00626526988
-3634.84110117777
-3635.59537114944
-3635.65936506326
-3635.43349444767
-3641.1587903427
-3633.87231553886
-3635.76810648425
-3634.75286050432
-3631.97816436314
-3632.51613431189
-3633.05545477995
-3633.93948145697
-3632.7938899628
-3632.94094802831
-3632.17922102866
-3632.29704703381
-3632.45455277043
-3638.84667135151
-3633.96250511536
-3633.17243237899
-3635.94535454939
-3634.15045556003
-3634.28054059042
-3634.08100237867
-3635.91624355014
-3637.79382654904
-3634.32749922559
-3634.93965141779
-3638.18658846073
-3634.52113549697
-3637.10500623153
-3635.16744469916
-3635.04685046019
-3638.24530404764
-3632.8581412018
-3633.13786825584
-3637.15443829152
-3636.60685282549
-3634.66061079236
-3633.86686060968
-3638.72369910795
-3634.36663445351
-3633.46165180708
-3634.33412231222
-3634.22079653593
-3634.4515581067
-3633.7228583268
-3633.9336917004
-3639.04823640686
-3636.22029024424
-3635.98418312385
-3635.01744737983
-3634.87698339034
-3634.52396028915
-3633.79762479593
-3634.26235609391
-3636.0458900636
-3636.59198895855
-3637.42560835509
-3636.95288688086
-3636.96500437365
-3636.4435303162
-3638.19754223846
-3637.25191144275
-3636.78886315071
-3635.95845295284
-3636.43653917802
-3634.01479025546
-3634.09983914472
-3633.26357240374
-3632.80495751694
-3632.10498429131
-3633.93386582367
-3633.93386582367
-3632.01515732082
-3631.46531191547
-3633.15008432747
-3633.5574037892
-3635.15643910501
-3631.15736574011
-3631.66822696701
-3631.66999548132
-3631.68705544254
-3629.85617242537
-3629.54453684379
-3629.54453684379
-3629.99748576255
-3630.1708552306
-3630.93178119555
-3631.5646470978
-3631.73455763484
-3633.69842278543
-3634.02527858436
-3635.60712428395
-3634.36728177707
-3634.23234187119
-3633.64178910654
-3633.64178910654
-3633.82672453339
-3633.5813606777
-3634.29246261894
-3634.81653180018
-3635.71954587843
-3633.12109688033
-3631.52986012826
-3633.38780977095
-3633.38780977095
-3632.55704533084
-3632.33826373226
-3632.33826373226
-3633.32980519596
-3632.81161445733
-3634.86629436643
-3643.28138079076
-3636.40960139204
-3635.07284400117
-3634.78759869005
-3630.99959340169
-3632.83727297927
-3631.82905685047
-3631.27973489583
-3629.7600606555
-3630.51449226727
-3630.51449226727
-3630.51449226727
-3630.6432421139
-3631.37582053682
-3633.72295086243
-3634.33917609956
-3633.96768932505
-3640.65635909443
-3646.77233873226
-3647.67168447384
-3643.16001366301
-3631.92499026624
-3630.72427870709
-3631.9122236007
-3632.26297107388
-3635.34835828018
-3632.89381678532
-3633.06693970991
-3630.72164177205
-3630.87121008806
-3631.97178915654
-3632.80829090174
-3632.90170583504
-3631.83551863607
-3632.90367109951
-3633.45568291057
-3634.05910627451
-3636.16730141878
-3634.78542049986
-3633.32939616515
-3634.1752514109
-3634.6830116439
-3640.49128846518
-3634.82106997557
-3633.93266711032
-3632.80574947724
-3633.04144691784
-3635.95806071235
-3635.5864617441
-3632.10104499344
-3632.14502242221
-3631.05842485655
-3629.40837590144
-3629.80029746438
-3633.10151992359
-3633.98625680868
-3632.99468825396
-3632.26033341359
-3633.89093014041
-3634.30719697637
-3632.20710634231
-3635.5571853883
-3634.68702603478
-3631.87101585315
-3633.12703284819
-3633.59111643461
-3632.28034258167
-3633.48932612798
-3634.8543483228
-3632.71574784281
-3632.43635770588
-3632.43635770588
-3632.4212006798
-3629.82644932508
-3632.47893136215
-3630.75643020124
-3632.38864453976
-3632.38864453976
-3635.51633562259
-3637.0114042771
-3637.01016692273
-3633.25455453769
-3635.25342491215
-3634.45268214897
-3634.00840043636
-3631.85235564102
-3636.29220377927
-3631.35588622426
-3631.35588622426
-3633.41956674962
-3632.74220680731
-3632.2705717005
-3632.38025301581
-3632.21645597952
-3632.45145453871
-3634.58641374439
-3632.94244092731
-3633.02497119931
-3632.40533300691
-3634.47611658992
-3632.88163155705
-3634.07546470472
-3633.2413755614
-3633.0691208305
-3632.00350088933
-3632.30587463076
-3632.30587463076
-3632.30587463076
-3636.11631251356
-3631.13653129021
-3630.64634575657
-3635.34356565088
-3630.83068934107
-3632.98779921047
-3632.53271589332
-3637.91548117957
-3631.71437419945
-3632.28650104511
-3632.4398192102
-3630.87264778889
-3630.9632926326
-3631.74850016558
-3634.28838805475
-3632.89396843716
-3636.39502409883
-3635.29059347325
-3635.99597879145
-3635.17098972874
-3632.49607660461
-3637.6709594812
-3633.03881354351
-3635.30175987207
-3637.55304271424
-3635.00243452594
-3636.01644340278
-3634.32311425081
-3635.78014886186
-3634.74470612657
-3635.97471001737
-3634.33156570989
-3635.60962887283
-3644.95799578559
-3634.65910766281
-3637.22014681013
-3635.64515271401
-3638.4344034966
-3639.20610923974
-3638.51585938794
-3635.97534011702
-3640.49075676601
-3637.83495618258
-3637.1641895686
-3637.40028966252
-3637.04958877345
-3637.01402836553
-3634.84644012552
-3634.08348660206
-3633.44487130529
-3633.14861988124
-3633.13827737938
-3633.82812351314
-3633.69519476879
-3634.80364344957
-3634.81488939516
-3634.31523884747
-3633.50683155835
-3640.4111228466
-3634.30299419074
-3634.92778385834
-3638.11364137877
-3634.20556527286
-3633.43114567745
-3633.43002397419
-3632.39096472706
-3634.65158286167
-3632.84389005103
-3632.49929102635
-3633.01763528705
-3632.5329030013
-3635.6522415882
-3635.53636779018
-3636.57935282399
-3636.73548202274
-3636.00182886396
-3635.40036558915
-3635.11813776487
-3634.33089018519
-3635.33004207993
-3635.29373276441
-3635.2338414308
-3635.98433430662
-3637.19605156765
-3636.76973099522
-3638.37178411466
-3638.1432081346
-3635.14453789673
-3636.97405327046
-3635.92737026259
-3635.48667772443
-3635.47927476093
-3635.41816075085
-3638.59370682881
-3634.41059578604
-3635.84464847143
-3634.12280684581
-3636.23608411306
-3632.89225781195
-3633.83733912196
-3633.68421395124
-3633.51824012702
-3633.82465571455
-3632.61742266334
-3632.39524309158
-3631.38015243063
-3631.38015243063
-3631.38015243063
-3631.38015243063
-3631.51378875544
-3631.51378875544
-3637.05274686761
-3635.37466799245
-3635.41395851227
-3634.51167474187
-3634.10037611792
-3635.27731131781
-3635.26346596713
-3635.96340430687
-3633.50838930429
-3633.7391919441
-3634.98392402801
-3634.12672816349
-3633.43808822197
-3634.4568526045
-3634.81473135831
-3635.51086018946
-3633.60060955838
-3631.12245536532
-3631.25756313774
-3632.53324847359
-3632.62233055935
-3632.54450838625
-3632.54450838625
-3632.61688485867
-3643.2519455067
-3633.70473000181
-3632.19018770149
-3632.94719625579
-3633.95311675515
-3635.77333448128
-3644.56576364891
-3634.67723570504
-3631.81935702131
-3632.00930366479
-3631.32968379318
-3632.19917591365
-3630.25875211816
-3630.57252593056
-3629.94270643872
-3630.42231012161
-3629.95676391877
-3629.68920002727
-3629.82417346312
-3629.82417346312
-3630.27926869398
-3629.26268666407
-3630.17457645585
-3630.69073059766
-3631.14339396404
-3631.97724660284
-3631.0874316524
-3638.65446202906
-3633.26051170532
-3634.50739407629
-3633.80909220857
-3635.07942735129
-3634.80850987669
-3630.6777832139
-3630.6777832139
-3631.99791007073
-3630.95979359492
-3630.95979359492
-3632.04459521601
-3634.32041678858
-3634.32041678858
-3634.51999230898
-3634.6094217866
-3633.93210547295
-3639.62562922218
-3633.93210547295
-3633.93210547295
-3633.93210547295
-3634.3015440308
-3634.3015440308
-3634.3015440308
-3635.11791045514
-3633.5053764919
-3634.34597821782
-3633.47732439058
-3635.72888871593
-3636.36527298131
-3636.88070944667
-3634.10514335084
-3633.62485073147
-3635.37409475865
-3640.73865626947
-3633.69447588489
-3637.49400277898
-3636.6259538045
-3633.36207017099
-3632.00171398612
-3632.00171398612
-3632.10134443208
-3635.03884907054
-3639.88679078953
-3635.07267600996
-3638.09715760597
-3635.20873841122
-3636.18090218555
-3634.12049703896
-3639.34151746285
-3634.38196743525
-3633.35278503374
-3636.6191024011
-3638.30505365979
-3635.32697679316
-3635.32697679316
-3637.68304943949
-3638.47942454073
-3633.61296333114
-3636.77257214961
-3634.7160873593
-3633.50527936297
-3633.39433923626
-3634.96098336592
-3634.423184405
-3634.86383283308
-3632.74398461092
-3632.74398461092
-3632.90462320384
-3633.16081556561
-3638.13208951149
-3635.94824475594
-3633.96760427116
-3633.96760427116
-3634.89340257186
-3634.09444978694
-3634.20833326098
-3633.43377729344
-3632.57132544289
-3635.39501646826
-3634.58194352515
-3636.10625888276
-3636.22143032395
-3636.38673676445
-3636.50302576163
-3637.68881984515
-3639.00694430691
-3638.1210207155
-3640.67038500826
-3641.00827291252
-3638.13586718336
-3638.56817371626
-3634.63664671041
-3634.2224447909
-3634.66043263144
-3633.17201553195
-3639.4897595514
-3632.47388162836
-3634.74811581363
-3632.87614554768
-3634.4818378218
-3633.82231115424
-3632.77727797297
-3632.54170922475
-3633.32573533095
-3634.0774215907
-3632.23224440755
-3633.79431370795
-3634.0353857875
-3635.82411124849
-3634.49499066109
-3635.4395763075
-3635.47070983103
-3635.31667136377
-3635.41735543922
-3634.78853559749
-3634.78853559749
-3640.15102554761
-3633.49109421281
-3631.34758418052
-3635.4881699167
-3632.36700066858
-3634.16028113974
-3633.01851179476
-3632.15679111775
-3630.44464873485
-3628.58027894874
-3631.02327501175
-3633.71614317139
-3633.72481345777
-3631.12994949248
-3633.447967831
-3632.79064144022
-3635.27084068839
-3636.20018946721
-3635.26833852072
-3635.98362939136
-3635.98362939136
-3634.0394854784
-3633.34996638023
-3634.8946750162
-3635.98166762795
-3633.79884312097
-3633.16993027986
-3632.91945576231
-3636.18168462798
-3631.01244823367
-3632.40653002336
-3633.38705037041
-3630.2780290241
-3629.76296911611
-3629.91705726842
-3628.4614253871
-3630.08058056965
-3631.11335256124
-3636.18660628674
-3631.8919969753
-3631.8919969753
-3630.73762262368
-3630.73762262368
-3631.60531733125
-3631.33746315447
-3631.78442148626
-3631.78442148626
-3634.60935020769
-3632.58876594298
-3632.57941101777
-3632.47506541936
-3631.86891066154
-3631.7342607833
-3632.30122191834
-3632.31878238124
-3633.82442422661
-3632.54092830485
-3631.37639292181
-3631.89111393602
-3635.38278528146
-3632.25295646003
-3632.25295646003
-3631.81186642591
-3634.77884197659
-3632.44450504792
-3633.64538584832
-3633.45570857545
-3637.19833002417
-3634.26814570454
-3634.1872124238
-3634.54193970861
-3635.75463096214
-3635.42621987456
-3631.89527327336
-3631.95572134389
-3633.28359902518
-3636.45163240345
-3634.66731467738
-3634.66731467738
-3635.2229456038
-3634.22877438212
-3636.72552774454
-3636.12268790355
-3636.70479856858
-3634.78263311122
-3636.60333548174
-3637.52621921858
-3638.76007726234
-3636.47234003089
-3634.6643315396
-3632.80737082782
-3632.83996218191
-3634.07112603352
-3634.86131518818
-3633.7072170834
-3634.49322342197
-3633.76399449122
-3633.97692182847
-3638.08009973432
-3638.52764100407
-3634.82940185879
-3633.6350494209
-3631.72239741559
-3631.01626568313
-3632.55033188266
-3632.81818816177
-3632.52789670866
-3632.66701348214
-3631.00666153392
-3629.69810746297
-3628.74353105635
-3633.35344805194
-3631.02373523762
-3632.00486235786
-3630.19944607884
-3631.57207522743
-3634.30500929763
-3631.21486378993
-3632.8418923116
-3632.03173531318
-3632.65373388122
-3630.7164929059
-3629.13314358165
-3631.33568364521
-3632.29139394085
-3636.1892327198
-3633.38666147036
-3632.60979384628
-3631.82772144366
-3631.12001769241
-3630.62015569288
-3629.28551969964
-3628.72808023592
-3628.72332969739
-3629.45738063173
-3630.65064697996
-3630.7750422922
-3631.16102461152
-3630.17646711822
-3629.38418842765
-3628.98928175065
-3629.22776973744
-3629.33004403129
-3633.2395352606
-3630.00843252713
-3634.54386627623
-3634.8779656945
-3630.15922049494
-3632.11631797675
-3632.11631797675
-3631.65565830781
-3631.64697900535
-3633.33733099079
-3631.6891564297
-3633.10104476258
-3633.51631028639
-3641.56453065165
-3635.8653085827
-3635.39428945846
-3633.24428493967
-3634.62901476074
-3631.01920215545
-3632.42248546082
-3630.05017785528
-3630.43718481935
-3633.00202519108
-3632.09924850883
-3633.45332167699
-3637.85747226966
-3632.81442873235
-3633.0085823692
-3633.63279743501
-3632.54764311883
-3632.55139031598
-3634.2069007508
-3633.77484542599
-3631.30435754585
-3631.63892169662
-3631.59746686056
-3636.46438768408
-3633.62901585034
-3634.88776217097
-3633.74056283058
-3633.95867187351
-3630.5942805545
-3637.99638287751
-3630.89003133938
-3630.55146829849
-3631.04655000324
-3631.04655000324
-3630.49854709968
-3630.49854709968
-3630.48099784748
-3630.07087819091
-3630.07087819091
-3634.82924155319
-3630.71401708223
-3631.07844792491
-3633.97743429919
-3632.68564680545
-3632.11378546397
-3635.13781403646
-3636.8573735445
-3631.4705079327
-3633.28682967498
-3631.96981014143
-3634.34932667053
-3631.87044242868
-3630.51224857647
-3630.14161472486
-3632.34796652965
-3631.97794329036
-3631.79976331263
-3629.61389679718
-3628.18526704342
-3628.73129735131
-3629.81778227633
-3631.81780801516
-3630.8948407552
-3630.50090497944
-3630.54469748682
-3630.74600933539
-3631.73413410902
-3632.14405394614
-3631.64425485597
-3630.57026485193
-3630.44020347775
-3629.00956069213
-3629.07633920397
-3632.04449520399
-3632.04449520399
-3630.40532360995
-3629.30017806215
-3629.51204301379
-3629.56692075729
-3628.45119548695
-3627.85814677793
-3627.9761269766
-3628.44492016107
-3627.51184457569
-3627.92933299891
-3627.92933299891
-3629.68043430329
-3627.48983462264
-3628.42117360417
-3629.54428180099
-3631.67770386016
-3631.14802509194
-3630.6008767064
-3630.87656203864
-3631.62362742078
-3632.11502056698
-3631.30606424617
-3631.30606424617
-3629.90266306767
-3629.90266306767
-3629.48985271734
-3629.48985271734
-3630.43172103908
-3630.91037517437
-3632.34350208508
-3631.89199314957
-3631.5032362294
-3631.73306056505
-3631.27938765957
-3630.02131158857
-3631.42649025348
-3632.60763676786
-3634.26810369436
-3632.94793400832
-3633.0012768747
-3631.71892375639
-3630.46824295863
-3629.73963029988
-3629.80217744034
-3630.06418252949
-3629.98838473901
-3629.73566524351
-3631.02200335836
-3630.02687729591
-3633.39661087175
-3633.76265066374
-3636.64206897033
-3635.80873006461
-3632.32093977467
-3631.37890204168
-3634.09981102018
-3633.20973757838
-3634.33814645277
-3634.33814645277
-3633.32786474903
-3633.56664351204
-3635.81159633562
-3630.5890584518
-3631.37144022234
-3630.46132376236
-3631.54629293333
-3629.54100733054
-3628.03950007055
-3627.58991206301
-3627.44438433367
-3627.44438433367
-3627.44438433367
-3626.47068523517
-3625.5478131491
-3627.38088066129
-3627.38088066129
-3627.96453214603
-3627.99454569277
-3629.39873768309
-3633.03739947171
-3628.51078820902
-3629.41507082244
-3628.08912861385
-3628.08912861385
-3626.68825976114
-3626.7739004115
-3628.30853605325
-3627.60540090569
-3626.18067286498
-3628.86071948956
-3628.64961540927
-3629.84313722761
-3627.5562280235
-3627.26536088956
-3625.95492524095
-3626.62331002987
-3625.24360605497
-3625.83619933233
-3625.83619933233
-3626.47035968824
-3626.52239655422
-3625.28431794391
-3625.81167808843
-3626.68066118371
-3626.51995811904
-3632.76820810207
-3628.04082303525
-3626.67532676111
-3626.58796580816
-3626.58796580816
-3628.01355261219
-3630.20240098969
-3629.02031099868
-3629.25768473984
-3628.41115654391
-3627.51362342926
-3627.39575188034
-3631.34716189426
-3630.21008957351
-3628.43175334495
-3627.75884452056
-3627.66740499773
-3631.65581899776
-3628.39894399033
-3630.57907596414
-3633.11622876008
-3634.05715503124
-3631.81743192238
-3633.03018998322
-3634.28945089339
-3632.8703503754
-3633.44380011174
-3631.775021641
-3631.81028909326
-3637.39605023975
-3636.70552967736
-3630.07243225636
-3629.2604527162
-3631.67048605078
-3636.73669224139
-3631.53771663142
-3632.37357905036
-3631.31954301658
-3632.04008583283
-3632.1761085236
-3638.82986776879
-3636.19170621634
-3634.44203099587
-3637.62298965602
-3636.42333387254
-3632.60286406376
-3631.05884767175
-3631.82248705321
-3631.82248705321
-3629.07081787267
-3629.96795157728
-3627.41289493896
-3625.93339096009
-3626.21363949565
-3627.25231905713
-3628.22325988451
-3628.59679122038
-3627.9198072243
-3627.9198072243
-3629.32581578882
-3631.61443370125
-3639.0801126286
-3638.44785418365
-3632.35548749585
-3631.93450738857
-3635.51269758809
-3629.92231541157
-3628.19999987406
-3628.31782390526
-3631.07253957678
-3631.57790426399
-3631.17436398031
-3629.93664938654
-3631.72308645993
-3628.84731428496
-3632.82071911543
-3631.68598676242
-3630.3929286573
-3629.11815348235
-3627.76837048712
-3627.66353572646
-3629.40674695997
-3628.76762855966
-3627.95456840037
-3628.33007676437
-3628.74421599296
-3629.38392949042
-3628.83435469251
-3629.80292576874
-3637.86318984766
-3629.92082160419
-3631.34513319297
-3635.4953565956
-3630.13737930447
-3630.33490516609
-3631.00702875846
-3629.27420854462
-3628.22044411229
-3628.22044411229
-3630.13389208788
-3629.3900905771
-3630.13011801743
-3630.20765910342
-3630.24159870056
-3629.95321673966
-3630.22443832129
-3630.22443832129
-3630.72371967579
-3628.12317932012
-3628.3574316758
-3628.44339229879
-3627.16815914028
-3629.49139967223
-3630.01978744396
-3642.3642579929
-3631.53186778989
-3631.14211394189
-3631.84981485352
-3631.3578110113
-3631.8728490662
-3632.58299962038
-3634.15335105977
-3635.74427861061
-3633.69456511552
-3632.29911171431
-3631.15578384756
-3630.99033455232
-3630.99033455232
-3631.63207594038
-3632.33778221028
-3635.35393470071
-3633.46546232244
-3633.2782097794
-3634.44056183148
-3631.41921465577
-3628.77289206389
-3636.36826425828
-3629.10036813129
-3628.80897504486
-3629.65661871518
-3629.65661871518
-3629.63626245618
-3631.15777402415
-3630.19781154395
-3630.82004914327
-3632.24656338002
-3632.00377802927
-3630.01655170053
-3629.98578641384
-3638.7045591334
-3629.17604879899
-3629.22751648033
-3633.94677383454
-3632.73123674455
-3631.91423107776
-3631.91423107776
-3631.52659442213
-3628.81234448013
-3628.61421506825
-3629.6630951849
-3630.13625964124
-3636.75675004226
-3629.34876259068
-3629.797443006
-3631.7339391788
-3632.61643447203
-3632.74792415832
-3633.48391770286
-3632.39542233499
-3633.25022942014
-3633.37568871196
-3634.8386933927
-3633.51455240468
-3634.47588338238
-3631.2657922449
-3634.97126353167
-3632.27037321577
-3632.2985548141
-3631.98018020007
-3637.74006045606
-3632.44585157268
-3633.26811594831
-3632.87689199897
-3631.93191101002
-3631.42314091887
-3631.30851234264
-3631.41853726508
-3629.26187250109
-3627.46892481992
-3625.74149917126
-3626.40929731669
-3627.25556836471
-3628.38705880248
-3636.5156514543
-3627.53138641327
-3628.84234087576
-3626.93255048548
-3628.16606560569
-3628.36711575667
-3633.88568731192
-3627.65781322226
-3629.67455740806
-3629.93224294003
-3631.94340904788
-3633.22067012333
-3632.40138287011
-3638.89424977672
-3633.74549153895
-3637.56888545149
-3636.09414927727
-3635.89544496927
-3635.89544496927
-3634.80633547299
-3633.68257638607
-3632.13529344964
-3630.2740458049
-3634.96838912892
-3633.32340998994
-3633.81203194999
-3632.26236232659
-3630.87674661711
-3632.62408178494
-3633.27759254075
-3631.12006307203
-3631.60161312731
-3634.66499698714
-3631.7554292627
-3632.64624574429
-3635.06717040654
-3633.25757401018
-3633.47188603238
-3632.26006393985
-3631.68698912443
-3635.18580948267
-3634.50823336088
-3632.65355836429
-3631.18079204905
-3629.64152756851
-3631.26827023288
-3631.96244365138
-3632.08648612484
-3631.23149166282
-3636.17178764101
-3632.44086493439
-3633.59423679494
-3633.88125887209
-3633.25233293644
-3628.67320454255
-3630.42008743117
-3629.31332140049
-3628.38720171187
-3631.93934720961
-3629.01126751975
-3629.01126751975
-3632.46152295095
-3629.65905168399
-3629.55432686837
-3631.10541275727
-3630.23060184272
-3630.89548572706
-3629.88639941225
-3628.32525331811
-3628.32525331811
-3628.4100343318
-3628.76285968974
-3628.61904906418
-3626.53513792925
-3625.87659821264
-3628.0205012745
-3628.08429487735
-3626.67012805859
-3625.98462042399
-3627.66661806093
-3626.54293980202
-3626.20211329419
-3627.23408830693
-3628.22636416423
-3634.69860895012
-3632.49239444441
-3632.74328122743
-3630.22608924873
-3629.84137199723
-3630.32665135519
-3629.60449236758
-3630.576218894
-3629.70849536319
-3625.8779070825
-3625.8779070825
-3626.26888121963
-3624.25818351309
-3624.25818351309
-3624.25818351309
-3624.88858988962
-3625.68320022181
-3625.02682722298
-3626.50565192528
-3626.3907396783
-3626.3907396783
-3625.8115414298
-3626.94096723185
-3627.84316723724
-3627.9482930204
-3625.200871156
-3625.32063551711
-3623.49499001919
-3626.60940064077
-3626.85024511404
-3624.75488346345
-3625.5820236001
-3624.18210811763
-3624.06126639396
-3623.81971174556
-3624.70047986771
-3625.10697099576
-3623.89149292405
-3623.89149292405
-3625.17848255083
-3625.17848255083
-3632.9576063442
-3625.52667694523
-3626.22519479909
-3628.06536101961
-3628.79175905341
-3626.03077202253
-3626.38195727201
-3626.41425317543
-3625.01941698463
-3624.77538181894
-3623.72596660327
-3625.60403148478
-3625.99951378123
-3630.21654068606
-3624.52984369448
-3623.50927059255
-3623.801319146
-3625.4322062605
-3624.71505832101
-3624.32986076474
-3625.63285979992
-3627.4364396627
-3628.25679238957
-3626.86148697464
-3627.89720569169
-3629.26545068265
-3629.8668731687
-3628.61750261669
-3627.23508801469
-3628.19378420135
-3628.64033274441
-3626.9303903393
-3625.04320529291
-3626.28883950086
-3625.63949678502
-3625.22626689055
-3625.22626689055
-3625.88641123409
-3627.81487065177
-3627.96680487473
-3625.0389635582
-3633.82194415133
-3626.09586712691
-3626.27904161488
-3624.94393204599
-3633.51888873049
-3626.74333323649
-3626.80609017438
-3624.9263268287
-3624.49259796541
-3623.58909846193
-3623.81679323389
-3624.2004581765
-3624.2004581765
-3624.00001052384
-3623.0965222535
-3622.97901858944
-3623.72351851751
-3623.38263251095
-3624.80558399511
-3625.93657814144
-3625.09735360575
-3624.53949970666
-3636.12690961242
-3632.49620108911
-3633.97911639568
-3632.67718846954
-3631.02328660969
-3629.08323110714
-3629.42357877736
-3629.8061989362
-3629.15964649857
-3630.73653485096
-3629.16819267959
-3628.36273019057
-3628.36273019057
-3628.36273019057
-3628.36273019057
-3628.36273019057
-3626.36428334442
-3626.43606970833
-3629.17028392761
-3637.2157159469
-3628.5213227082
-3631.40381739009
-3631.59019865953
-3632.92741159989
-3627.95493130719
-3627.57650057059
-3626.14311205651
-3626.29869102791
-3627.01540390665
-3628.05462799968
-3628.05462799968
-3627.76802590111
-3626.91191657372
-3627.63745934097
-3626.77344934701
-3626.56703946619
-3626.15309176182
-3626.74432181084
-3627.75019844324
-3625.6011957057
-3625.57298837986
-3625.29198507399
-3625.85355414911
-3627.65771750048
-3627.99698988571
-3627.6376315462
-3627.68261759571
-3630.22544497273
-3631.50751469672
-3630.99745106202
-3634.18936372484
-3632.6980138576
-3631.8331535033
-3630.64267290724
-3629.9430390718
-3630.99077698113
-3630.54846940483
-3634.31535636734
-3630.08904280751
-3630.31714765912
-3633.38163520976
-3630.47842457295
-3627.10377500645
-3627.00541294896
-3626.06993361081
-3626.22099975075
-3626.22099975075
-3626.07638092976
-3627.00155301782
-3625.75679444631
-3624.70771388105
-3625.28678915434
-3626.17259172705
-3628.05603184883
-3627.94782483319
-3627.86486149968
-3628.1870168944
-3629.89004067245
-3628.2986449595
-3627.845378515
-3626.75001225892
-3626.75001225892
-3627.58229607357
-3631.38884877628
-3629.97571675453
-3629.97571675453
-3630.78890897652
-3630.78890897652
-3629.61711917539
-3628.39167838157
-3629.95546609145
-3632.06147415689
-3630.19686069025
-3628.96211560343
-3629.67045864905
-3628.65802196911
-3628.07516966236
-3632.27756631527
-3633.74146061975
-3640.14230372473
-3636.49665517936
-3634.98715316861
-3636.54276346106
-3632.62926842229
-3630.25447208425
-3636.81926154179
-3636.20964978189
-3635.50003613897
-3636.04483733575
-3633.17698437777
-3633.17698437777
-3634.27915243662
-3633.54303604281
-3636.12504192916
-3634.73773104337
-3633.87435415678
-3633.58112758539
-3634.15269011625
-3632.69141718905
-3632.33373855739
-3633.55840108762
-3631.86490190694
-3632.01180681203
-3631.83418296791
-3628.7285281558
-3628.7285281558
-3628.01182090822
-3628.83198270611
-3625.27625251287
-3625.27625251287
-3625.98093562603
-3629.56806870653
-3628.22293439715
-3628.56957358286
-3628.56957358286
-3625.30599225418
-3624.12996793347
-3626.01589290113
-3626.01589290113
-3625.33722931449
-3622.93529963407
-3623.70557215936
-3625.68709621191
-3626.43035410775
-3625.52695788269
-3625.71217780452
-3623.94723252571
-3622.95690426029
-3623.6966167396
-3624.95093290741
-3625.99464140941
-3625.49703802314
-3625.13539884646
-3625.43722033086
-3624.7584591312
-3624.06015244912
-3627.91743448464
-3626.32718300702
-3624.61961035121
-3623.9437768702
-3624.5324007193
-3627.54740247128
-3627.54740247128
-3625.17264598053
-3625.17264598053
-3625.31690542771
-3624.21440850289
-3624.21440850289
-3622.85836623068
-3628.45362665931
-3627.4128076632
-3627.36089573412
-3626.91209250088
-3628.43114368449
-3627.4018751358
-3628.0512666822
-3628.0512666822
-3626.55685858628
-3627.76618191698
-3626.13077852545
-3627.33489614552
-3626.70744506056
-3627.39988701202
-3627.06307520273
-3625.81845233208
-3629.51718149473
-3630.20156306795
-3628.46566608952
-3628.46566608952
-3626.0321722584
-3625.96906263329
-3626.97972566236
-3626.97972566236
-3626.37312349575
-3630.3493811963
-3623.39465464181
-3623.08769689922
-3623.08769689922
-3624.2775325155
-3627.52393455258
-3627.52854167242
-3623.86601182606
-3623.53985458415
-3623.61173211428
-3624.0059224981
-3625.54860746718
-3633.04081913729
-3624.20681173266
-3624.20681173266
-3624.14010519215
-3624.14010519215
-3625.36349901786
-3629.38999017101
-3624.23521731264
-3625.2803978796
-3623.80929691597
-3623.80929691597
-3623.80929691597
-3624.89990653659
-3628.07353970961
-3626.36760039481
-3625.22713257479
-3625.22713257479
-3632.4272513642
-3631.34551590853
-3626.30753420851
-3626.43177191944
-3627.27610048807
-3626.98886066925
-3627.25588503949
-3629.89299211377
-3630.92548720678
-3626.72159582914
-3625.7736104068
-3627.25065821501
-3627.00250411838
-3627.48481606835
-3628.48545365547
-3632.91454545359
-3628.5805254221
-3630.23920405048
-3627.47253051733
-3624.79957941674
-3623.01719247129
-3623.9621940428
-3621.61739067982
-3622.46483818808
-3621.64845354675
-3623.0554405023
-3623.31423774166
-3623.98520352475
-3625.66478876594
-3626.86537815016
-3626.69454413474
-3626.56859485041
-3626.97849918188
-3627.54388373932
-3630.41296120149
-3629.1990630063
-3629.52150372607
-3629.16176295642
-3629.72566888919
-3625.80071605386
-3625.74599414726
-3623.61108059721
-3625.09016287117
-3625.64427078369
-3626.39497957308
-3626.33462075591
-3626.33462075591
-3626.61657566085
-3628.48197972891
-3628.37409202134
-3628.39883278884
-3632.53584803522
-3632.78282424755
-3629.16386616188
-3630.15087991769
-3629.99893675707
-3634.46775451367
-3632.34806157455
-3630.83344117733
-3629.46655251233
-3628.37091852568
-3626.49131211315
-3624.62292981696
-3624.67157538574
-3624.89206861103
-3626.50905134169
-3623.80074695993
-3624.79136478369
-3624.26630256336
-3625.35340622654
-3631.89618143101
-3626.7452514906
-3626.7452514906
-3626.11164396465
-3625.86958874642
-3624.75551491642
-3622.93683134573
-3624.6506489522
-3623.9292116332
-3623.67470073404
-3629.92444844177
-3623.91885771248
-3624.77194839935
-3624.81691784455
-3625.16704387674
-3627.58290329054
-3623.96486009612
-3622.97124154132
-3621.29550941658
-3623.38012510024
-3623.3454337066
-3622.61406512213
-3622.61406512213
-3623.16282974114
-3622.79500261108
-3622.67268230141
-3623.00100638538
-3623.00100638538
-3624.40648088301
-3622.29393513512
-3623.30102622316
-3623.46970139028
-3624.67662162638
-3623.660111079
-3623.660111079
-3627.3546726341
-3624.44806191697
-3628.20803065605
-3630.29668180172
-3623.52241653793
-3622.7644465482
-3627.8767851541
-3626.90522839317
-3625.25964161125
-3633.56341146275
-3625.26458868018
-3626.6446304058
-3626.73674570359
-3629.07771757432
-3627.22653517494
-3628.44820458822
-3629.69002692026
-3629.72302902391
-3628.25345462461
-3627.27244787693
-3630.46180878144
-3630.9694770016
-3629.24281561988
-3630.65431618729
-3630.64665809241
-3630.64665809241
-3630.64665809241
-3630.64665809241
-3630.64665809241
-3630.64665809241
-3630.12075265501
-3630.41849262083
-3631.64926087871
-3630.46196979315
-3629.9966871039
-3630.75090444382
-3630.46985402936
-3634.40586345756
-3635.0796393401
-3629.86166848283
-3630.43148598752
-3629.86836220567
-3630.67643615712
-3630.51305406501
-3633.24133830085
-3631.92778283963
-3632.32458199446
-3631.67976487031
-3632.60153722922
-3631.38746359633
-3633.5466276013
-3631.38866636214
-3630.51494349762
-3631.78295458431
-3632.01131438832
-3626.48287096807
-3625.40876357837
-3625.57603641967
-3628.23112497639
-3624.33239892332
-3624.76628340761
-3624.57724935146
-3623.83341612532
-3624.26770002955
-3627.10481118905
-3629.35960910658
-3629.22421360889
-3630.06537643664
-3623.61384748368
-3622.95297853564
-3625.38441654007
-3623.59098308266
-3625.64103114748
-3625.9702396227
-3635.26709237668
-3628.76140136511
-3628.58203694376
-3629.04936262088
-3628.8221794688
-3628.76607400859
-3630.00813570819
-3627.60468283973
-3626.68277641868
-3628.09369556859
-3631.72458016264
-3629.76874448445
-3628.37252829111
-3627.13417884902
-3626.52671507573
-3627.27796062758
-3626.82818746999
-3626.74403648677
-3626.74403648677
-3626.37574495344
-3626.95782060225
-3627.47294070142
-3629.25421232857
-3628.99547548052
-3627.67878724532
-3627.86700668668
-3627.81336757307
-3627.81336757307
-3631.66156352337
-3628.68533803666
-3629.96691928508
-3629.1594148747
-3629.55615392368
-3630.5933774568
-3634.92806865419
-3631.17014536876
-3631.17014536876
-3631.19007064242
-3632.12603877141
-3632.11145562754
-3632.70931673609
-3629.39853789428
-3632.37530734015
-3631.19921993366
-3629.93629653042
-3634.60781203656
-3632.58185000598
-3628.92585790076
-3627.98174758815
-3627.98174758815
-3629.91614239496
-3629.91614239496
-3629.46481169801
-3629.98516542651
-3630.9020170032
-3628.98559754379
-3623.3769692748
-3623.3769692748
-3623.9225000233
-3624.46027545296
-3624.09842557663
-3625.23609466936
-3624.06100310522
-3624.08974205825
-3625.65905584865
-3624.7173342298
-3624.3577782559
-3627.04164073589
-3624.07766163415
-3624.97496514769
-3625.48549248299
-3624.1878896162
-3634.38653346643
-3625.35532254368
-3627.97743469675
-3625.42531005307
-3625.90070528072
-3625.07949796117
-3624.86471405713
-3624.86743372768
-3627.35315826999
-3625.22412508974
-3626.90052393826
-3623.46187524502
-3625.25507631004
-3624.98468877179
-3625.36070862674
-3626.40148189866
-3626.15094266409
-3625.88788331856
-3626.25161618916
-3624.82518184635
-3622.16050970569
-3622.2807310673
-3622.67301025212
-3631.54478512163
-3624.03001794568
-3623.81402119751
-3622.71460795712
-3623.85115463984
-3623.85115463984
-3624.24379202543
-3624.03409710165
-3624.03409710165
-3624.84819909844
-3624.92715226265
-3624.5015306292
-3623.98965024547
-3624.62026957702
-3623.11746057583
-3623.38586407674
-3622.67234460217
-3623.75039319536
-3623.24257308726
-3623.63210650417
-3624.09667381314
-3624.63160137916
-3626.20639152045
-3626.78825496964
-3624.42822541137
-3624.58329198015
-3624.58329198015
-3628.49774077794
-3628.49774077794
-3628.8087669803
-3628.2630421163
-3626.71288955342
-3625.97074785021
-3627.28516104701
-3627.29424805795
-3626.20715418137
-3624.75156362915
-3624.31401071724
-3624.30825686621
-3624.90403894398
-3625.1686083159
-3626.05904630347
-3626.05904630347
-3628.14270073912
-3629.55280988445
-3628.78989961466
-3628.41527425033
-3628.41527425033
-3629.5824012292
-3628.93899166345
-3628.04713713189
-3628.80325986414
-3629.32332221948
-3629.15515609226
-3627.97486799586
-3628.05194597167
-3628.74173377716
-3628.74173377716
-3628.26037528116
-3627.47937039641
-3628.49669689132
-3628.49669689132
-3626.38116113352
-3626.98993105463
-3626.98993105463
-3626.98993105463
-3627.55120117062
-3628.1193306072
-3629.10913690589
-3627.16158422936
-3627.80368174609
-3629.7799701917
-3629.7799701917
-3629.7799701917
-3629.40989767447
-3628.17792073416
-3628.47031026061
-3626.90869269431
-3624.65934042107
-3624.32007849104
-3625.76531427492
-3624.38005931708
-3624.99173789672
-3625.66874388486
-3625.96984006268
-3625.96984006268
-3626.67700910954
-3629.27020176995
-3629.27020176995
-3629.96492048832
-3630.26466126567
-3630.26466126567
-3630.99780082642
-3629.14505184603
-3628.91461842293
-3628.64626742458
-3628.7042206028
-3629.00740243359
-3626.78949329003
-3625.740437827
-3626.57837790046
-3628.17074186513
-3630.04910533859
-3628.14653840074
-3627.73601234518
-3628.82595218302
-3630.1695809553
-3629.82398214886
-3628.01384535239
-3628.01384535239
-3628.52298050225
-3628.40073188082
-3629.13290215816
-3629.19338991301
-3641.2455791062
-3628.95322260131
-3628.35147360381
-3627.7693220146
-3627.78954380648
-3628.95738534829
-3631.0848441357
-3633.86592993557
-3632.48861532916
-3634.89143547025
-3629.53919539044
-3628.21421291191
-3626.71389653477
-3627.11543115306
-3628.63753205061
-3625.2191640691
-3633.71153208436
-3627.11612838589
-3626.43041604405
-3627.60198010157
-3627.60198010157
-3627.97168765783
-3627.97168765783
-3627.6563504678
-3628.53276976416
-3628.53276976416
-3628.53276976416
-3633.30985378221
-3630.79493600607
-3629.86131496781
-3628.4567392376
-3628.4567392376
-3630.90971408216
-3628.8139813021
-3630.59971471755
-3631.4815327269
-3631.45025940962
-3630.81775669148
-3633.22652128043
-3633.90226566838
-3634.4431317762
-3639.752738862
-3633.02667023167
-3633.22679057784
-3632.54536996666
-3632.91514427232
-3632.39208250087
-3631.44155638822
-3640.78021373868
-3634.65507154778
-3637.29269163391
-3636.06853730302
-3639.67335021853
-3632.81623924684
-3632.15907042362
-3632.48110467276
-3633.47912977394
-3631.06937580906
-3630.47297946741
-3632.24765834793
-3631.91508334442
-3633.74553125486
-3631.62409980125
-3631.92290321257
-3631.69045425111
-3631.20685482274
-3632.94801876434
-3633.3687375493
-3634.09554890104
-3630.62448858217
-3631.11435687695
-3631.11435687695
