"var1"
-3610.41915758829
-3608.11411091661
-3611.8360155387
-3610.12763719084
-3608.1256223285
-3609.54493582045
-3609.51283775386
-3610.21962989478
-3610.76545739247
-3606.57896194067
-3604.95850870583
-3607.45638885694
-3607.45638885694
-3608.0018140125
-3611.11043273295
-3614.46464428994
-3610.72249222581
-3610.72249222581
-3611.05881239117
-3614.07952350021
-3605.85420827661
-3604.49701590548
-3616.89683271397
-3606.78138005855
-3606.08115434162
-3606.82619958353
-3606.79471614902
-3607.62759432341
-3607.14731886649
-3607.32047815078
-3606.70653655394
-3608.96522573005
-3609.92239385769
-3612.88744614266
-3610.31483151935
-3609.0608240459
-3608.27068933398
-3609.11872246322
-3607.93531407139
-3607.06519244929
-3609.79181568906
-3606.59221254538
-3605.59199347339
-3604.09660192367
-3604.66583909098
-3604.85111420718
-3604.85111420718
-3604.85111420718
-3604.85111420718
-3608.60649093525
-3605.71078259453
-3605.16081746753
-3609.37215425256
-3607.86850224623
-3604.82436247666
-3604.78343257247
-3604.55706824748
-3604.2002298686
-3604.2002298686
-3604.10911170497
-3604.1859313928
-3602.78884862262
-3605.36087156033
-3605.01572345598
-3606.40538741143
-3609.1608695314
-3605.82159624954
-3604.96000872641
-3604.96000872641
-3603.93315005827
-3603.93315005827
-3607.23781276915
-3604.55515989301
-3607.40208983924
-3606.87486715347
-3606.34208497037
-3607.93075298191
-3607.80460465355
-3608.62992415267
-3610.24620116002
-3612.25570016123
-3608.69673340875
-3605.87917414524
-3608.6300213233
-3602.87684597628
-3601.88358611258
-3602.29485532131
-3602.30463387987
-3602.41200027236
-3604.02894181409
-3603.23801818421
-3607.31951253099
-3605.88743285583
-3602.96690299131
-3603.7318896866
-3610.68836447244
-3605.53288004153
-3603.94571746127
-3603.62844704334
-3603.25537763719
-3603.69384299638
-3604.31045195394
-3604.28950048763
-3605.77460972865
-3605.46632390716
-3605.29569084379
-3604.91215709921
-3606.64793550052
-3611.75504898278
-3612.76092111969
-3612.76092111969
-3612.07305804413
-3609.77334047528
-3607.056273669
-3607.41674317673
-3606.67073013621
-3606.67073013621
-3606.06496293113
-3605.68464702974
-3606.39551430341
-3606.33200586474
-3605.39034402482
-3614.76901695632
-3605.98686760151
-3605.98686760151
-3607.71596454134
-3606.87320008587
-3606.99467812238
-3605.93715237463
-3604.93506362107
-3605.55599094397
-3605.55599094397
-3605.96064030014
-3607.08391778034
-3609.95537154683
-3607.33150535949
-3611.2622805788
-3607.37985807669
-3609.42914865139
-3605.92660656179
-3607.64750897806
-3609.4558575312
-3608.90399289424
-3611.84163397087
-3613.01402026565
-3611.34047675011
-3612.08631235961
-3613.08456459588
-3610.85725953692
-3609.57885231255
-3607.24705053426
-3611.84141990994
-3605.45020999725
-3605.5878986594
-3604.58709733388
-3604.77358116497
-3606.22734645803
-3606.05745798994
-3610.28601680515
-3606.05745798994
-3604.94545744963
-3605.33317145618
-3604.0665354843
-3605.00313264815
-3604.20526757356
-3603.46449428973
-3603.63270576322
-3603.77968397098
-3603.45121227553
-3601.91648856305
-3604.19076073053
-3603.80267570146
-3602.85819734969
-3603.47035153608
-3606.16940700642
-3602.60073969298
-3606.47436149535
-3601.70376058507
-3602.36098680035
-3603.30436712614
-3602.29027220922
-3602.45981629643
-3604.65736058581
-3606.60042339311
-3605.20974378944
-3605.98035275504
-3605.4420099488
-3604.19675563839
-3602.87358670681
-3602.66899233327
-3603.22427055635
-3603.80096316674
-3603.80096316674
-3606.71873870055
-3607.05428246148
-3607.21503184481
-3606.74811030989
-3605.22649042815
-3605.05596327985
-3605.05596327985
-3606.63188567215
-3606.53923983332
-3604.95294577636
-3605.47371467483
-3606.57690938282
-3606.68901709748
-3605.897057181
-3602.93338443664
-3602.83796691148
-3608.30033976507
-3603.30099179219
-3607.23895565339
-3608.84891847757
-3604.26345784414
-3601.86481966119
-3601.20862250164
-3601.68668613015
-3602.4539040408
-3602.74621954973
-3603.85955219341
-3610.00436348039
-3604.41017430583
-3603.07057626516
-3603.18421214421
-3602.76535532417
-3602.76535532417
-3601.09722312328
-3604.98611532158
-3601.28930755103
-3602.39816007945
-3601.38718482526
-3601.43800841048
-3603.02784371561
-3604.28838978317
-3600.8555696267
-3600.06140898817
-3599.58730745242
-3599.20135173894
-3600.21714529414
-3599.62029693301
-3600.43663208595
-3600.11750305368
-3598.63437173278
-3599.60568966974
-3600.28698543625
-3600.26948541411
-3599.71609505148
-3599.71609505148
-3600.85510593759
-3601.96984642445
-3601.17900746776
-3600.00294519142
-3600.18336161676
-3599.41334073863
-3600.29102308613
-3601.19032456681
-3601.28404026519
-3603.01589598676
-3602.87751261123
-3600.78076454675
-3600.70198982031
-3603.03703948728
-3601.88927309334
-3601.88927309334
-3603.162638958
-3607.85491837631
-3604.93429372477
-3603.51000169238
-3605.01780212316
-3606.48660561505
-3604.60953497708
-3603.31235455091
-3601.19918107545
-3602.14940653923
-3606.06986847921
-3606.46116208584
-3603.14094991994
-3601.16879560555
-3600.47177166507
-3600.80724812855
-3600.4302955495
-3600.4302955495
-3601.47419228526
-3600.38620830219
-3600.84083960329
-3600.74700063644
-3600.83979927556
-3603.61369664575
-3603.61369664575
-3602.58346366592
-3602.17896276441
-3601.602274097
-3601.81289555593
-3601.31571732496
-3600.77823370214
-3600.537496452
-3600.71897816098
-3605.69306986426
-3597.40797185387
-3597.54190005896
-3600.36882312759
-3599.76297648238
-3599.97202010672
-3599.53239756567
-3597.93291724702
-3596.63805965002
-3597.81349867501
-3598.18343900227
-3597.06398188944
-3597.06398188944
-3596.71499679283
-3596.94315493613
-3596.81626291575
-3596.84564694357
-3596.78958332691
-3597.21534539161
-3597.85853197613
-3600.09224858914
-3598.80407200812
-3599.39007707205
-3598.44472718018
-3598.75309015865
-3599.64184259826
-3600.4412749481
-3599.3153344125
-3599.99378119515
-3598.78609926456
-3598.08274525756
-3598.21801984185
-3596.65333419256
-3596.46830520362
-3595.22586833746
-3596.88732676464
-3596.78631437933
-3598.79500228894
-3597.65419036449
-3598.71834715708
-3597.50970640597
-3599.01951983173
-3602.03664143093
-3601.7176170145
-3601.54128318563
-3602.58626623184
-3603.45755024385
-3607.92879917406
-3604.04214422386
-3602.6180526563
-3602.44234276268
-3604.42152634687
-3603.76692588992
-3602.08552988789
-3608.60361938889
-3601.15656570201
-3600.73347559442
-3599.85378558288
-3597.78728520941
-3598.24930333155
-3598.08652554861
-3597.93987643613
-3600.99181385383
-3601.30999091011
-3601.53588515991
-3600.64103096382
-3597.18689929764
-3599.85420687206
-3597.10851213346
-3602.63931785127
-3596.7862527173
-3597.61391578436
-3596.96877099245
-3598.68583420815
-3596.21585921091
-3594.75063359039
-3594.75063359039
-3599.69407302625
-3596.60943669577
-3596.23455537782
-3596.23455537782
-3596.01395388807
-3594.96255314452
-3594.96255314452
-3595.08831512756
-3594.69293752532
-3594.31913814522
-3595.77386369355
-3595.77386369355
-3594.58534032893
-3594.58534032893
-3594.7762976175
-3594.3113203095
-3598.23708984563
-3596.48609698042
-3594.29950346265
-3597.25420457509
-3597.25420457509
-3595.25414756912
-3596.0984544272
-3594.97654051097
-3593.51849495571
-3592.91175905146
-3593.16939841965
-3592.41395400537
-3594.52117204752
-3598.40164735626
-3594.1139756049
-3593.18650462304
-3594.68007788572
-3594.68007788572
-3591.89688930705
-3592.72960198967
-3601.11800546349
-3596.48249838239
-3593.77293709823
-3596.8834025443
-3593.87144916404
-3594.1581736084
-3592.33818572457
-3592.13685250288
-3591.91846391993
-3591.58080326646
-3596.34001281033
-3592.07229133781
-3595.78038873035
-3597.0747236712
-3597.59417500877
-3596.91731535991
-3595.85925442228
-3598.28227223423
-3595.52222166097
-3594.89358925749
-3595.53842336999
-3594.61407277923
-3591.82813352964
-3597.46394996954
-3593.31158347767
-3593.04971683398
-3594.96531494645
-3593.01742550259
-3593.21674065841
-3593.21674065841
-3590.97407326713
-3590.37889854736
-3590.108266869
-3589.89798593149
-3589.89798593149
-3591.44549530139
-3591.62250867243
-3590.89833708959
-3589.2872186427
-3589.2872186427
-3588.85170555253
-3588.85170555253
-3588.85170555253
-3588.85170555253
-3588.85170555253
-3589.32296878932
-3587.78642185244
-3590.34868954815
-3590.78807868967
-3589.21777393048
-3589.5918702574
-3591.08163183322
-3590.91090305939
-3593.12079543536
-3594.15164190125
-3591.66958625803
-3591.68203378918
-3595.18271502158
-3593.29935920651
-3593.77844406699
-3591.60505552126
-3600.47513584702
-3600.55405877441
-3591.73168230363
-3593.15308952814
-3594.2414114198
-3595.07817686695
-3595.07817686695
-3594.45528796073
-3594.6565992303
-3592.59365884682
-3591.28950504184
-3590.48610687831
-3598.59980793539
-3594.78141832511
-3595.51901586968
-3595.15387726203
-3596.17137616029
-3594.27065503263
-3595.91118649947
-3595.56878527954
-3594.6378762995
-3595.1447298786
-3592.4847061278
-3592.78363804598
-3593.71193870943
-3593.26463110703
-3594.55686647488
-3594.55686647488
-3593.90190419995
-3591.56145970252
-3591.24899246026
-3590.3933381573
-3591.47187565913
-3592.44029519534
-3591.61760753845
-3590.62046987287
-3590.88770800075
-3591.26152890124
-3590.51852881779
-3590.61652940599
-3592.09836779715
-3590.35828278406
-3590.35828278406
-3589.88423265405
-3590.69335404714
-3591.24284972712
-3592.34308279968
-3591.40302444418
-3592.00581847735
-3593.01121891601
-3599.48565206906
-3593.85419844491
-3593.36240515294
-3589.65808754287
-3585.95444016122
-3585.4067647356
-3585.68061773746
-3585.56279836209
-3586.07636041459
-3583.91605729474
-3582.6638959169
-3583.2980348318
-3583.86199139962
-3583.72683188387
-3586.14300900054
-3587.53533238618
-3587.43915865977
-3594.36045743821
-3585.49171730986
-3586.68942218631
-3583.6741340668
-3584.38869791027
-3584.90427241524
-3584.90427241524
-3591.76133553702
-3593.71234596021
-3593.69504433428
-3589.68677732063
-3589.68677732063
-3588.77718021394
-3589.34034400397
-3589.49088197905
-3588.66831052704
-3586.8331735678
-3586.8331735678
-3587.0802955843
-3587.55918152583
-3587.88418539487
-3586.90750744659
-3586.60286499628
-3589.1074815094
-3588.20935235506
-3586.96281438998
-3586.94893746828
-3586.61884498329
-3585.77274140827
-3584.47951220258
-3584.47951220258
-3583.87776772417
-3583.57604442236
-3583.5870512171
-3585.66105274384
-3584.08950374039
-3583.78961874434
-3581.77850975493
-3582.30046331998
-3582.22496228386
-3583.78853874356
-3583.47312324239
-3584.66736932915
-3591.79660692042
-3588.28325964735
-3584.89463699024
-3587.45499606592
-3588.87618542944
-3587.75851850723
-3588.03732136397
-3586.67503486842
-3585.54280398608
-3588.20759456701
-3588.38302691636
-3586.98307468294
-3588.09844366649
-3586.57508255578
-3586.41740654668
-3585.70235623724
-3587.7453293663
-3588.20049499795
-3586.31972252546
-3587.73924087385
-3588.19567796185
-3583.89040172867
-3583.89040172867
-3584.4379445328
-3585.34181329264
-3584.7085479644
-3584.7085479644
-3586.51370607321
-3587.98063155344
-3586.98010888996
-3586.51991764289
-3585.83143191714
-3588.03489114541
-3585.78923202991
-3585.78923202991
-3584.82040416519
-3586.26905080447
-3586.53982953381
-3582.37268038064
-3582.37866204598
-3585.56730311846
-3582.04039103768
-3580.66137054944
-3580.02404019856
-3580.74827184252
-3581.48930888561
-3582.04236743916
-3580.02720376675
-3579.90016319114
-3580.04882660435
-3580.24311268337
-3580.24311268337
-3580.12652412103
-3579.75874433843
-3582.10389022702
-3588.79255964414
-3582.20992991637
-3584.20499167056
-3583.22908062055
-3583.22908062055
-3582.53295435536
-3582.53295435536
-3583.37247939163
-3588.01770233191
-3584.34518957654
-3582.84771085127
-3582.14566238855
-3588.06077017222
-3584.33139194389
-3586.08603403608
-3584.26090879419
-3588.10007175381
-3585.8664254182
-3586.21173624797
-3584.59788990078
-3584.1484336031
-3585.6967697406
-3584.05733343168
-3581.10370751267
-3582.13747582028
-3584.46305506568
-3585.35990892423
-3583.65485985435
-3578.61513843504
-3583.80845428583
-3583.80845428583
-3583.20223082933
-3581.34401564113
-3583.85857618883
-3583.85857618883
-3583.85857618883
-3581.6839615475
-3583.85857618883
-3582.97498796137
-3579.17432900893
-3582.26274079891
-3578.44786223598
-3578.43784200346
-3578.68106955743
-3580.25342175997
-3580.25342175997
-3580.42698179165
-3580.10149020421
-3580.38570812989
-3581.28847347257
-3580.57040465164
-3582.3359326152
-3582.21128943305
-3582.39174621681
-3584.98693808521
-3582.67415537204
-3582.59706898425
-3584.20303852865
-3581.85100203872
-3586.11312892408
-3585.41217223623
-3585.83865993582
-3586.86216415948
-3585.85921116709
-3592.40642903009
-3584.23656339075
-3584.0125351401
-3583.46183789242
-3582.41667795211
-3581.58227530574
-3580.14653964927
-3579.38173804979
-3577.49827586283
-3578.26109207956
-3576.86975377839
-3575.50030743339
-3577.69694594927
-3577.6270867099
-3579.25527379756
-3577.30796674349
-3580.24062604589
-3580.24062604589
-3576.45903454683
-3576.37295830637
-3576.88765508157
-3576.32415182214
-3576.47336500722
-3579.4184071863
-3578.65887227258
-3577.72431572264
-3577.33084552841
-3577.7124720248
-3577.27599276098
-3578.46870316537
-3577.75754040269
-3576.7915238687
-3580.02639801881
-3576.94490798929
-3576.37835662711
-3575.62966993836
-3575.50465230852
-3575.56300513849
-3573.36014880875
-3573.36014880875
-3575.3687473725
-3575.67064036045
-3576.01976243003
-3577.76025330678
-3577.34098555439
-3576.56873884677
-3576.9262277221
-3577.80798155919
-3576.54446480816
-3575.33254793104
-3575.71864050073
-3574.77697949019
-3575.77622122137
-3575.77622122137
-3575.64820282281
-3573.1506746754
-3575.64054607473
-3576.19026314643
-3575.24648034379
-3572.1889598804
-3572.55964868565
-3573.6628127775
-3572.70296100129
-3572.72122970186
-3572.36760824383
-3574.0374659437
-3572.55383997836
-3571.66745048024
-3572.85891988362
-3572.44578841459
-3573.23782044625
-3574.22325225572
-3574.05520498388
-3575.23436153294
-3572.72373961789
-3573.7636692434
-3574.74024071602
-3575.6231625268
-3577.42740978065
-3576.37873822013
-3576.54870121029
-3575.01159743245
-3576.7062096661
-3574.69129385911
-3575.09367678602
-3576.58460960031
-3576.34695758077
-3577.36325701729
-3576.6402968815
-3574.82785352212
-3576.97645681232
-3573.54882122358
-3574.45674295074
-3574.69256003107
-3573.9724605981
-3574.97197743563
-3573.66924744188
-3574.40386464814
-3572.62844459516
-3572.16610937596
-3567.91626996961
-3567.26623455227
-3569.89325058645
-3572.53308375599
-3574.11493839283
-3573.84912058369
-3570.62419381977
-3567.89326002005
-3566.96512670378
-3567.54135795816
-3568.29040266087
-3569.12324337532
-3569.3187541043
-3569.91111377835
-3569.91111377835
-3570.06602543624
-3569.94925723558
-3570.85048101287
-3570.29791876547
-3570.29791876547
-3571.00970209219
-3575.78693196873
-3572.87759879396
-3572.87759879396
-3571.83403775918
-3571.83403775918
-3569.0392015988
-3568.17411703255
-3567.61958120096
-3570.72437111487
-3568.37855933441
-3568.67801446197
-3571.08275738456
-3572.99449536655
-3571.93786543299
-3570.85003522996
-3570.81639950145
-3571.01202949457
-3568.910905235
-3568.910905235
-3570.7998264409
-3569.78980313645
-3569.861051623
-3577.600451375
-3573.32386407572
-3570.07115168256
-3576.29671383572
-3570.56880374316
-3568.52166967019
-3571.93598952428
-3566.75729206363
-3566.3483026522
-3566.74900959069
-3568.18921525386
-3567.9485808824
-3567.38321412508
-3567.44937024643
-3568.33335809405
-3568.33335809405
-3570.43155879408
-3570.43155879408
-3572.5237257648
-3571.01892309735
-3570.62546399779
-3570.83026421424
-3570.13357872328
-3570.69196054113
-3575.53901067774
-3572.89581965593
-3570.72045656538
-3570.38614445654
-3569.3444520973
-3568.94753445373
-3568.25828406045
-3569.05436254469
-3570.24414969757
-3570.54302685682
-3573.22225533631
-3572.87316133231
-3572.87316133231
-3573.51128811548
-3574.59195754915
-3580.64381071191
-3576.65414937025
-3571.15735645253
-3570.63140746124
-3571.64597615257
-3571.64597615257
-3568.60100365163
-3567.19963615595
-3568.97143549941
-3574.35902831979
-3575.54137103099
-3575.04728285023
-3575.93830307639
-3575.26360726601
-3571.74823093594
-3571.13744547216
-3567.9752587231
-3567.9752587231
-3570.01290656654
-3567.47088505596
-3568.07790326608
-3568.94521443012
-3567.8165558182
-3568.6122118985
-3567.66580583621
-3566.4460600647
-3567.08065405769
-3568.51291174309
-3569.25082390494
-3569.11682059145
-3568.69291631415
-3568.08814279728
-3566.72200458345
-3566.95667094554
-3568.34171146788
-3566.53329623746
-3565.33358920039
-3565.12011436638
-3564.52879503753
-3566.69480361482
-3565.95988392847
-3565.88845545361
-3566.98366464673
-3565.9725257014
-3565.9725257014
-3565.9725257014
-3566.88666281628
-3568.47309875987
-3567.22210809341
-3566.07732314176
-3568.25868373764
-3567.92447883905
-3567.90489651981
-3565.8344924691
-3567.71249709855
-3564.67347287414
-3564.61415929369
-3565.36157072782
-3564.62856459667
-3565.03082947733
-3565.5667763487
-3566.94607641739
-3567.20124102193
-3569.12464035747
-3568.8305686863
-3573.25083223436
-3567.93069341259
-3577.45615237281
-3566.15574185088
-3571.70933796938
-3571.70933796938
-3571.70933796938
-3570.00288733307
-3569.94513574309
-3571.69288709118
-3569.35239231847
-3569.86556669374
-3568.20902285743
-3567.86167784096
-3566.66046377607
-3569.20710049762
-3566.99295717827
-3565.16619258433
-3564.82713378969
-3565.99043012196
-3566.51862620258
-3565.36466728824
-3566.3696721664
-3567.44705912819
-3567.44705912819
-3568.80052186295
-3568.20265038746
-3572.13387217315
-3569.42902874564
-3567.79684196726
-3569.69173657172
-3569.81568228229
-3571.61356248434
-3568.41314001496
-3568.41314001496
-3566.37376288005
-3568.84515080536
-3569.31249375815
-3566.22572324462
-3565.85251957724
-3567.7299174464
-3566.97724367703
-3573.0680678709
-3568.23696624805
-3563.24364079197
-3567.23317987842
-3567.23317987842
-3566.04326449523
-3565.37488068722
-3570.54793998421
-3569.48911825843
-3565.85243204637
-3566.23253685587
-3563.07543315534
-3563.02544773557
-3563.02544773557
-3561.7716729525
-3562.61635584171
-3563.32226907271
-3563.32226907271
-3561.34289856292
-3562.90028135828
-3560.2345111612
-3560.91266086854
-3561.18541873544
-3561.66186363936
-3561.66186363936
-3565.93240081405
-3565.0865987511
-3563.18713228211
-3562.48005528709
-3564.70047172883
-3561.86512482585
-3561.57011448688
-3561.03283725017
-3563.47417048986
-3566.54912844443
-3569.34631289718
-3568.42467568144
-3565.87005782471
-3564.76962137149
-3564.57373264466
-3568.57879243581
-3563.88571394321
-3566.22830520604
-3565.42806456148
-3564.66845630038
-3566.53594635822
-3563.74726018449
-3565.3471084594
-3563.74726018449
-3563.44446516734
-3562.13061863733
-3562.84805919081
-3562.11646198816
-3563.25316286777
-3562.82486548346
-3563.23850858881
-3561.29447251724
-3562.85716729439
-3562.85716729439
-3561.44273742101
-3558.57802163631
-3558.34785279692
-3558.50373053082
-3558.98075738697
-3560.17156182597
-3560.79933555169
-3561.73400728699
-3565.24126702842
-3566.44692258035
-3564.77072311322
-3564.16632975725
-3562.84754088785
-3562.32039248724
-3564.4509452941
-3564.05061175592
-3564.74015625115
-3563.78985080689
-3568.54598135627
-3566.03822458195
-3565.56094148968
-3567.70896511941
-3569.08978549955
-3566.36338326113
-3568.20344327476
-3564.71429439281
-3566.02282821922
-3568.12208479832
-3566.75353067706
-3566.82197209812
-3568.65964110202
-3568.65964110202
-3563.63293452737
-3564.57101443563
-3565.27662286519
-3565.34823058887
-3565.34823058887
-3567.42103670638
-3566.49976966132
-3564.49646447506
-3567.51128590921
-3566.36258112648
-3565.08658708476
-3568.39171508116
-3568.13677058902
-3568.13677058902
-3565.21689574661
-3565.15668916608
-3566.26542923755
-3567.36199368158
-3562.78244050107
-3567.64436585628
-3561.09292358682
-3560.4130065571
-3560.4130065571
-3560.58734794499
-3560.58734794499
-3559.6902209771
-3569.2686830241
-3562.24904941021
-3562.5367477003
-3562.63884868173
-3562.63884868173
-3562.769837455
-3561.38268852316
-3562.63857365842
-3559.60611117423
-3559.21978375504
-3566.37096320402
-3558.47646053597
-3557.62018829135
-3560.32419084741
-3558.54244742668
-3556.33537042958
-3557.32075934542
-3556.47554936737
-3558.2738528314
-3565.15327148552
-3557.88707517893
-3558.28574242033
-3558.81939148457
-3562.54477992623
-3558.89605141357
-3560.0250213608
-3561.35683125481
-3558.57849902577
-3558.0948994957
-3561.34152456883
-3556.5423142605
-3561.1918809465
-3557.91572920554
-3561.1918809465
-3557.56449490222
-3562.91104528388
-3562.21054177388
-3560.12216074282
-3558.65231832676
-3567.49078227731
-3560.55199517422
-3565.00716406271
-3568.00002939512
-3566.99020290118
-3557.41527271218
-3556.03409622522
-3557.66173758509
-3563.27682888923
-3559.99529133737
-3562.4045742183
-3561.24673725629
-3557.85982677887
-3558.74356058437
-3557.32911079219
-3557.51933566602
-3557.51933566602
-3555.28161522836
-3555.28161522836
-3555.07067830021
-3558.94479200095
-3556.91912953409
-3556.91912953409
-3556.91912953409
-3556.91912953409
-3556.91912953409
-3554.3099183829
-3551.6969386191
-3554.09058367833
-3554.38596464704
-3555.74083156453
-3555.86155077666
-3555.86155077666
-3556.09642507194
-3559.5774537497
-3553.82721626544
-3553.38806176161
-3552.95492961178
-3553.03192796143
-3553.03192796143
-3552.43685110134
-3552.43685110134
-3554.43525723303
-3553.13387804211
-3554.21424737866
-3552.84718931889
-3555.72495586059
-3555.72495586059
-3555.72495586059
-3553.22752022256
-3553.48785880035
-3558.9211806754
-3560.29862264615
-3557.51796210668
-3553.8302850901
-3555.99137889858
-3555.41502072237
-3557.01499819954
-3557.83945845548
-3554.03435115427
-3553.09034792461
-3554.0004149253
-3555.994899041
-3555.994899041
-3555.16018233653
-3555.16018233653
-3552.85563913083
-3553.80172391278
-3555.07032043292
-3554.744108397
-3557.19826379483
-3557.1377452787
-3557.59957787328
-3556.75139831821
-3560.26431243281
-3558.68606953838
-3562.30394596627
-3562.30394596627
-3564.85949836714
-3566.34612610848
-3562.10210888285
-3561.22215164029
-3561.28006949021
-3563.08831788082
-3562.62792375689
-3560.76222979179
-3560.23663245731
-3557.24168243506
-3558.33161775331
-3557.77216133077
-3556.76463088281
-3556.69137779217
-3557.36433842285
-3556.63656163774
-3554.74173951547
-3555.38589574412
-3555.12860475972
-3561.02371921589
-3558.16064318532
-3557.18954101262
-3559.13417331095
-3559.13417331095
-3564.93322782989
-3561.9793870928
-3560.90220958349
-3560.23520910132
-3558.16289078231
-3557.74020994887
-3557.34579990335
-3558.56992473078
-3558.56992473078
-3559.3434508982
-3559.3134605569
-3559.43590025963
-3559.71184076546
-3557.65541718464
-3556.01597232477
-3556.01597232477
-3554.96539678972
-3556.81796666698
-3556.02237393014
-3554.23488980832
-3554.75098796501
-3553.15431034049
-3553.22496290962
-3553.22496290962
-3551.28851818882
-3551.28851818882
-3552.67351613532
-3557.12485187201
-3554.20365038514
-3553.17736563234
-3563.80100520017
-3556.6741978439
-3556.9964356737
-3558.2107302054
-3559.00295877942
-3561.42072707311
-3563.47575091914
-3559.42804291013
-3558.43498081963
-3558.43498081963
-3557.29136292832
-3557.29136292832
-3566.69422326923
-3558.75370438488
-3558.09824855006
-3562.5327233802
-3559.52701109458
-3555.94885550928
-3557.19406029739
-3556.97992875809
-3557.70667960423
-3558.0661685167
-3559.98921966918
-3559.05795619502
-3557.37830408502
-3555.68170890422
-3556.23814928529
-3555.24848552935
-3552.20627374651
-3553.51227239611
-3553.77512215679
-3552.23675730639
-3552.23675730639
-3552.54653008008
-3553.17303150282
-3552.91860663754
-3555.58187407848
-3557.02942207621
-3557.64611473089
-3557.64611473089
-3557.64611473089
-3561.31136193418
-3557.9298240524
-3557.9298240524
-3557.94069920635
-3557.32366746651
-3557.99563513888
-3558.03340841597
-3556.94637688327
-3559.2423202986
-3558.67866803511
-3561.2729408934
-3563.77892968721
-3559.48454098809
-3558.94284574346
-3557.11586866074
-3557.49393177517
-3557.27842974034
-3555.34807092641
-3555.35142458822
-3557.80132068564
-3556.18158320148
-3557.50277627609
-3554.18193286313
-3553.10562615924
-3553.90662126978
-3551.9444407995
-3551.95198028249
-3551.95198028249
-3552.26871175048
-3551.13351340471
-3551.61872742144
-3551.61872742144
-3551.96374158861
-3552.27050325654
-3554.88429528941
-3554.84992633503
-3554.84992633503
-3555.16647109643
-3553.33023723099
-3554.36627058393
-3555.52583060869
-3555.91892906212
-3555.91892906212
-3554.3203729516
-3558.44162783702
-3562.02477203716
-3557.02258921523
-3557.02258921523
-3555.68294849913
-3558.46240995005
-3556.15713142033
-3557.48257922314
-3557.33431526776
-3557.80022502004
-3555.54861023085
-3555.54861023085
-3555.54861023085
-3556.73730079568
-3556.73730079568
-3556.73730079568
-3555.5309019786
-3554.60885039703
-3555.81344569458
-3556.7729312403
-3552.84765428822
-3552.84765428822
-3552.23419839006
-3552.73076800545
-3554.27480679483
-3556.01671616101
-3552.53827997078
-3552.76815689844
-3552.85175606921
-3553.0246764769
-3553.0246764769
-3555.90165483934
-3555.07135721445
-3555.47352641158
-3554.79543035078
-3555.65003887035
-3555.58934945367
-3555.2590487667
-3555.3623283001
-3554.50753675354
-3554.80705351932
-3554.62892223286
-3552.90606612408
-3553.06698480748
-3551.14558393706
-3551.14558393706
-3553.13003490237
-3553.64053288441
-3554.23941111873
-3552.47561193856
-3553.31374818016
-3555.20476093503
-3553.84235554446
-3554.87830014332
-3554.88337812765
-3554.21839863764
-3556.26386822247
-3554.21084758046
-3553.68617254393
-3553.29953635047
-3553.27004436757
-3553.67038061507
-3553.5437167708
-3555.2503221629
-3555.24123721188
-3553.15549428484
-3554.75722261837
-3553.85000282652
-3553.85000282652
-3555.33674690123
-3555.33674690123
-3555.33674690123
-3554.32177328808
-3553.59535423935
-3552.8539122924
-3551.77285475504
-3551.77285475504
-3551.87463122035
-3553.20532511886
-3554.64719585785
-3551.45996079085
-3553.79793875207
-3553.79793875207
-3551.39351876493
-3551.39351876493
-3551.39351876493
-3550.47853366268
-3550.47853366268
-3550.47853366268
-3550.55315050183
-3552.33178958854
-3552.00230286628
-3551.44955318231
-3551.44955318231
-3550.74058317017
-3550.88582622717
-3552.0082644395
-3550.600161281
-3553.64177659934
-3554.14781073556
-3552.52767121144
-3555.68142801631
-3557.68229868146
-3556.13019692321
-3554.34365428424
-3557.50130302468
-3555.03679613751
-3557.43717577064
-3557.51070085951
-3553.72780026873
-3554.35421657012
-3553.45051743715
-3552.40092457672
-3552.40715193348
-3553.32696548426
-3555.49375745455
-3555.03912378644
-3552.73092269316
-3556.03219833984
-3555.58139210969
-3552.14520868572
-3551.50632752942
-3551.59983410449
-3551.59983410449
-3550.82580340621
-3550.88402467525
-3550.88402467525
-3550.88402467525
-3548.52628320587
-3548.52628320587
-3548.52628320587
-3548.52628320587
-3548.52628320587
-3548.52628320587
-3548.52628320587
-3548.52628320587
-3548.52628320587
-3548.52628320587
-3548.52628320587
-3548.52628320587
-3548.52628320587
-3548.52628320587
-3548.52628320587
-3548.52628320587
-3548.52628320587
-3548.52628320587
-3550.3106579218
-3550.28654692891
-3552.05866074628
-3552.29127348076
-3551.76268232406
-3551.76268232406
-3551.76268232406
-3550.23303639851
-3550.23303639851
-3553.28250554591
-3550.65647524082
-3550.72475415335
-3549.61076927758
-3552.01641707562
-3551.01798904156
-3549.90358172237
-3551.29293205973
-3551.29293205973
-3551.15224923327
-3550.10885976693
-3549.47203251173
-3548.56261762515
-3549.66719398716
-3548.07317315916
-3548.12341488408
-3548.12341488408
-3548.85152181191
-3548.85152181191
-3551.00939269214
-3551.00939269214
-3548.7054486379
-3550.16228608382
-3550.42555542789
-3550.42555542789
-3551.39113883699
-3549.86952530976
-3549.86952530976
-3549.86952530976
-3549.86952530976
-3549.87105068778
-3550.63615006083
-3549.28463162186
-3549.07804147965
-3551.17453945066
-3550.01234403535
-3548.1864354073
-3548.1864354073
-3548.1864354073
-3548.06483408195
-3548.5149251401
-3548.5149251401
-3548.5149251401
-3548.96969075381
-3548.96969075381
-3547.85247958814
-3547.85247958814
-3547.12764282789
-3546.36590870899
-3546.36590870899
-3546.36590870899
-3546.36590870899
-3546.36590870899
-3546.36590870899
-3546.36590870899
-3546.36590870899
-3546.36590870899
-3546.36590870899
-3546.36590870899
-3546.36590870899
-3546.36590870899
-3546.36590870899
-3548.66829323671
-3549.73110718975
-3552.9713140383
-3553.21428006177
-3553.33655493688
-3552.93764413835
-3553.31255043479
-3553.98197027812
-3552.6205116577
-3553.14462429117
-3555.71505763939
-3551.71244560653
-3551.71244560653
-3550.7587704674
-3551.65582839327
-3552.54124593714
-3552.95677068315
-3554.32620626412
-3554.18355433149
-3553.00754489024
-3552.55410611933
-3553.55975949824
-3555.20531980176
-3554.75740323663
-3553.99964491455
-3553.13610194516
-3553.39489526282
-3555.49123102623
-3555.77439353077
-3557.83268634731
-3552.52702512273
-3553.46052617528
-3554.49397832441
-3552.98440096956
-3554.46111028975
-3553.27828668602
-3553.82793760284
-3555.52642578268
-3556.89624677655
-3557.16199817941
-3556.96537464085
-3556.91542778766
-3554.18630799898
-3552.71502763437
-3555.30589855247
-3556.12516215928
-3556.34583032321
-3554.62728474422
-3552.33904428096
-3553.84908000729
-3550.99733071918
-3550.84729049307
-3550.18098726137
-3550.23210501592
-3553.78508025246
-3551.32457144007
-3550.9273673023
-3551.00912343359
-3551.32650430489
-3550.95264612355
-3551.34940226989
-3555.52182452364
-3552.51392927935
-3562.40078977079
-3551.69259132517
-3551.60921298279
-3551.40813578637
-3551.10989991155
-3550.69731042515
-3550.69731042515
-3551.54924527018
-3551.26515618034
-3552.27941288117
-3551.52805560573
-3550.42468688121
-3551.74636892512
-3553.03503636834
-3552.59872201994
-3552.07221219
-3549.73234376902
-3549.59680112715
-3548.33196439685
-3549.23256960202
-3549.23256960202
-3550.3062684792
-3548.67867720629
-3550.72681626761
-3548.14357903653
-3547.08491571939
-3546.80959109937
-3546.41233251573
-3551.16540272067
-3551.16540272067
-3550.03203323997
-3548.67726640114
-3550.32745791165
-3547.4626329319
-3546.86564985495
-3551.86255756293
-3550.54762494729
-3546.9914555805
-3547.31202042575
-3547.31202042575
-3546.35869448102
-3546.03049083858
-3546.03049083858
-3546.93847490705
-3547.65695200589
-3551.56367533414
-3551.56367533414
-3550.00450775234
-3548.67700014792
-3549.43981065426
-3549.59719018958
-3552.03475086656
-3550.28784730438
-3548.23124908177
-3549.52227047831
-3549.52227047831
-3548.61897605758
-3551.20495990693
-3550.47181230996
-3553.02297685035
-3553.02297685035
-3555.56955952806
-3556.99282331261
-3554.0101361186
-3552.92666870901
-3553.86091425038
-3552.32189738066
-3551.04482380077
-3553.96469310882
-3551.65269058941
-3552.57549651968
-3554.06922140731
-3551.81854590086
-3553.39729404558
-3551.10606009873
-3551.10606009873
-3550.83368312205
-3551.17609753545
-3549.74419199272
-3550.86944849732
-3551.86924171427
-3552.00615847836
-3552.2815850255
-3552.05107413183
-3554.5529502933
-3556.59089085651
-3561.07431361351
-3559.78520615249
-3562.0047677352
-3555.14949904725
-3555.3541129917
-3552.7236459763
-3555.50740545517
-3554.33658981971
-3550.36661744784
-3549.36508149359
-3549.38702639885
-3549.26867822038
-3549.36345008517
-3552.99589987287
-3553.86922941122
-3553.14586728227
-3551.41020180067
-3551.4787402989
-3553.92542146861
-3552.78329887134
-3552.78329887134
-3554.27491427737
-3554.97446808231
-3553.88407208849
-3550.45703450079
-3549.93242321794
-3553.82732110372
-3551.29999136582
-3552.91393546683
-3551.85530206495
-3551.84896154518
-3553.36884732492
-3556.36708342495
-3556.47357993247
-3556.38552896315
-3557.18173219962
-3558.00046482728
-3556.38176486872
-3554.08377162032
-3551.23721024739
-3551.99052646099
-3552.18787505532
-3552.10059463816
-3553.31473832614
-3551.80308796327
-3551.91085558351
-3553.09788658693
-3552.92963788043
-3552.3368510451
-3555.44141007228
-3555.54033392125
-3554.11939381733
-3554.03095415464
-3553.68640192811
-3551.95883393479
-3551.95883393479
-3551.95883393479
-3553.3862265941
-3553.11093147139
-3552.52112852769
-3551.13574668936
-3551.23740913919
-3553.38308127995
-3551.33765594903
-3554.01425407918
-3553.90351416289
-3556.59173041675
-3557.46282681299
-3557.94239515481
-3556.89474708046
-3556.89474708046
-3558.5070077948
-3557.65703543526
-3555.43230058634
-3553.62213850696
-3552.20270778589
-3552.78080871869
-3554.67503520944
-3551.47242757589
-3551.47242757589
-3551.07777132236
-3551.32377881152
-3552.5803701725
-3552.49199108123
-3552.59167943404
-3552.63512405896
-3554.19784815387
-3552.29782277164
-3551.54248083987
-3551.94349788839
-3552.60473381567
-3552.60473381567
-3556.68206054495
-3555.91530855985
-3556.70858521901
-3557.38272696957
-3559.35647020807
-3555.3494732642
-3555.41529487846
-3554.06181303587
-3551.98814967764
-3551.73140495494
-3549.60785701296
-3553.01538511029
-3553.96804025763
-3555.3983676092
-3552.34613523504
-3552.69234651655
-3551.23942206686
-3550.30846008748
-3552.53860247128
-3551.03409756471
-3550.99108640077
-3551.77977377126
-3556.77568377498
-3556.60531637773
-3552.33211110721
-3552.3718436795
-3552.31235960022
-3551.64952275552
-3551.85384448493
-3554.53853357768
-3553.13361621743
-3553.89441877168
-3555.23677670246
-3555.52889175362
-3554.49491947008
-3553.433170194
-3550.94768666747
-3551.7227807507
-3551.7227807507
-3554.22693685679
-3554.58143021596
-3551.97867602218
-3550.83405728156
-3550.52637766764
-3552.90504667326
-3552.37732960881
-3550.70594088167
-3551.21234076222
-3550.64937828846
-3551.40384377706
-3550.56794735385
-3550.31891315728
-3550.31891315728
-3550.77023648153
-3549.5489108535
-3551.95780172595
-3548.03766404843
-3548.14894460919
-3550.88911274361
-3552.09274468551
-3552.3898190088
-3551.55796776929
-3551.34642418851
-3550.94565073047
-3553.28197019106
-3553.87658040234
-3555.04467471319
-3569.71150060393
-3554.29443958634
-3553.49807971831
-3553.69062208374
-3551.79088013602
-3550.60974967975
-3554.59710649588
-3555.60972827802
-3554.13417788675
-3553.54957911402
-3551.49815812579
-3550.17012291696
-3550.01446790618
-3553.96110013788
-3554.3027929413
-3555.12563611505
-3555.70158778726
-3557.50214822454
-3551.32095748223
-3551.32095748223
-3550.64777412982
-3552.12006992707
-3551.58068179151
-3550.43018859892
-3549.57817893731
-3548.54211824371
-3550.63932174569
-3549.5964747581
-3553.70596392704
-3553.08683309229
-3553.08683309229
-3553.67761470145
-3556.08510795668
-3556.39271090779
-3557.1695398833
-3553.90414530871
-3555.76419244539
-3550.06940564446
-3549.40067037694
-3550.09205225073
-3547.62349412214
-3547.90154075767
-3548.13887754227
-3546.66640086719
-3547.54950535665
-3546.96945487521
-3549.17149780067
-3546.16039971815
-3546.16039971815
-3546.16039971815
-3546.89628087958
-3549.81861544313
-3548.79322040927
-3549.0093315105
-3550.93575805847
-3553.12103341021
-3555.44012775318
-3553.00715104856
-3550.92057061927
-3550.92057061927
-3551.46245884892
-3551.46245884892
-3551.46245884892
-3550.94656674814
-3549.21724546195
-3549.21724546195
-3548.42607824131
-3550.08765102045
-3550.02503719941
-3549.25063235819
-3548.99432488901
-3550.0084259638
-3549.70830008174
-3549.4833780825
-3549.4833780825
-3549.4833780825
-3551.88249802204
-3551.84652146956
-3550.99025649127
-3552.2187499483
-3551.13059465686
-3549.80823708299
-3551.03538306174
-3551.03538306174
-3549.68811190256
-3549.68811190256
-3550.83398121536
-3551.27601512789
-3551.90542888843
-3553.69324991458
-3551.55277819714
-3551.61943002748
-3549.1952146272
-3547.47576192133
-3550.61199191478
-3548.75087026528
-3548.83098338328
-3548.83098338328
-3550.00425370925
-3549.07315536186
-3552.03035665267
-3551.37870353786
-3551.37870353786
-3549.44656605747
-3550.00912853142
-3550.01874270765
-3549.42943310005
-3549.44178954489
-3545.68613378564
-3546.40106976166
-3546.693027928
-3549.23633876461
-3548.05130814112
-3547.56397744312
-3546.98812248553
-3546.48611535459
-3548.12070011057
-3548.59546769307
-3545.88156995466
-3548.25459727066
-3548.5472794246
-3550.88260702784
-3548.59622973064
-3551.19359075842
-3553.03370700092
-3553.47287806724
-3553.62907172274
-3552.45453064208
-3549.03303803566
-3549.22158175447
-3550.7740505881
-3549.69010981157
-3547.1941177714
-3548.42858633927
-3547.87533859377
-3547.87533859377
-3550.17802008651
-3550.69516898459
-3550.46926841185
-3550.28024118388
-3549.59333684427
-3550.64621992272
-3550.99796005499
-3553.56637205205
-3553.27401945221
-3550.79774659287
-3548.76724887832
-3550.20692273731
-3547.7338726225
-3549.20661996272
-3549.20661996272
-3549.20661996272
-3550.50007166393
-3552.27027529497
-3552.03336017531
-3552.28780245132
-3552.20330715111
-3547.42383085302
-3548.9887371431
-3547.83847645486
-3551.2943892306
-3549.80691728889
-3550.06305820009
-3548.5254559292
-3547.6250990537
-3547.15707331864
-3553.21092149105
-3554.01154349072
-3549.5588961866
-3549.26279303829
-3549.26279303829
-3548.01214505739
-3548.49851145146
-3545.85220186379
-3546.42225349516
-3546.42225349516
-3545.11861524268
-3545.11861524268
-3547.05798951812
-3547.00631289718
-3548.03275505671
-3548.2761912884
-3546.63369157083
-3547.70516523134
-3547.65008297179
-3544.97405301854
-3547.34787601327
-3545.77397885289
-3545.80600624209
-3546.13792709619
-3547.53270793077
-3545.60730002635
-3545.44081862333
-3544.09037515742
-3545.06511814777
-3546.9889699666
-3546.96035453871
-3547.49863295987
-3547.86225343335
-3548.025688012
-3546.31052105136
-3545.67328979517
-3545.14733299507
-3546.66873556238
-3547.45706829366
-3547.78329350239
-3547.2523934646
-3547.40790399165
-3549.99657845314
-3549.24459513609
-3547.32642951154
-3546.44053444123
-3549.51024340667
-3549.27877892308
-3548.94523248226
-3546.6399221666
-3548.14256658875
-3547.75363810702
-3548.5458938337
-3547.22328483544
-3547.92246201044
-3549.98665770258
-3551.72465776102
-3553.44242654393
-3552.05952529184
-3552.93394680213
-3553.41950241492
-3552.15965440987
-3553.12496905193
-3551.99155217224
-3553.05350687708
-3554.71790078435
-3554.05093089386
-3552.83379770379
-3553.66128097616
-3553.01031041286
-3552.16910685216
-3553.99527964659
-3554.29897710151
-3554.29148142204
-3555.45936596685
-3554.03142146572
-3552.92723833468
-3553.85019658621
-3550.72689856261
-3550.59505730141
-3551.31534438207
-3554.8644212448
-3552.08537308535
-3550.74068024428
-3551.61509720899
-3554.33778288373
-3554.73345223926
-3553.94136368262
-3555.42134469517
-3551.80594560864
-3551.62656696166
-3551.94928007679
-3550.45945706668
-3549.13599040416
-3548.88604904146
-3548.78550315864
-3548.3834392552
-3549.33066499791
-3549.33066499791
-3550.02391510354
-3558.46325912589
-3549.3781995272
-3549.09566600553
-3551.20757701913
-3548.34649627331
-3548.34649627331
-3548.21197725336
-3548.94863151493
-3557.01432188117
-3549.83105693183
-3549.22808804666
-3549.80862825101
-3548.76626478991
-3550.35215003021
-3548.50556189244
-3549.36297659543
-3549.17984165671
-3549.76499043951
-3551.45264142939
-3549.95788682245
-3549.91509179945
-3550.72605222659
-3550.39461712456
-3549.94524251043
-3550.08580138528
-3549.42445126477
-3550.61495439325
-3556.59823642391
-3555.98818297266
-3553.83328749706
-3553.99205542464
-3550.07266803018
-3550.07266803018
-3550.00782588786
-3551.49657266755
-3551.49657266755
-3551.00322919658
-3550.29984074156
-3551.214395405
-3552.13440393944
-3551.16030790798
-3551.16030790798
-3556.04738600155
-3555.37255085341
-3554.79462907068
-3562.12983061742
-3558.47752788751
-3551.83952530374
-3554.80796369689
-3555.74361484332
-3552.23095369674
-3551.47925713337
-3548.90593328471
-3550.08757656966
-3560.62257707148
-3549.54680348198
-3550.8939233341
-3549.75764767096
-3548.57239836532
-3551.87283102245
-3548.95907082242
-3548.31904580453
-3549.42525575734
-3549.52127571697
-3552.12898958171
-3552.4346705813
-3554.0993035634
-3554.33986128956
-3561.24982084441
-3551.5948577252
-3550.25203437173
-3562.24533457989
-3549.83586256904
-3548.5546298615
-3547.53611997589
-3547.68056687893
-3546.47253161188
-3549.34675582412
-3546.38061366755
-3549.16429899261
-3550.34436984154
-3548.01754097866
-3546.82743673303
-3546.44828625952
-3546.08888848805
-3546.08888848805
-3548.70982935732
-3546.97597009626
-3546.5111316091
-3546.40616372448
-3547.69351780708
-3547.15898952021
-3546.25189621899
-3547.42265520077
-3547.09146156026
-3546.05443616526
-3548.67669045251
-3547.7488681425
-3565.25821550518
-3545.98837394691
-3549.5666847033
-3548.27946250366
-3547.47427179357
-3547.80671362979
-3547.30573229634
-3547.30573229634
-3547.65662097347
-3547.65662097347
-3547.65662097347
-3549.72454173376
-3552.3640335735
-3549.63351064242
-3548.54830554212
-3548.54830554212
-3545.2494576032
-3545.50472919807
-3546.94696839322
-3546.28208502299
-3547.03668250235
-3545.86852016658
-3545.86852016658
-3545.86852016658
-3546.99317677413
-3548.23653681955
-3548.82767125527
-3548.82767125527
-3546.64635218362
-3548.15825763737
-3548.27933149484
-3549.19987378505
-3549.68000108774
-3550.77286072667
-3551.47331849885
-3552.30054384354
-3552.98655097665
-3551.85930869737
-3548.91252702478
-3550.27974519535
-3550.04249459175
-3548.6768089789
-3556.02359514765
-3556.02359514765
-3555.93286211991
-3556.54213894014
-3554.68772861453
-3552.60471050772
-3552.97995531655
-3552.28146852189
-3550.35241646221
-3552.53310005641
-3550.23250493677
-3549.09029306543
-3562.25433671269
-3551.11459858935
-3554.29044177256
-3554.28420189037
-3552.16538593999
-3552.16538593999
-3552.16538593999
-3553.36769773683
-3549.41124514894
-3549.91292464043
-3550.85265533746
-3552.2393601898
-3549.42874792599
-3551.42245312808
-3549.07554783653
-3547.76385739792
-3548.67014522523
-3549.45208259784
-3550.42073534963
-3549.62274901703
-3548.38947943376
-3549.75518354625
-3550.80685783927
-3551.21430743993
-3554.36775398521
-3553.05552313926
-3552.63587801631
-3555.06069019724
-3554.67028323301
-3555.50986573775
-3555.17023832938
-3555.17023832938
-3554.68245359733
-3555.07424759007
-3556.18069451938
-3553.90939295893
-3554.07489774799
-3555.60620056779
-3554.71765687278
-3554.6207746529
-3551.11831576246
-3550.24321087871
-3550.96538543069
-3550.96538543069
-3552.41535684987
-3553.94812122519
-3551.85737050079
-3553.79282993305
-3557.22494587581
-3554.34391682733
-3554.78828438296
-3555.98732052425
-3558.50102017982
-3558.50102017982
-3558.24683549359
-3557.13223227758
-3555.50865360466
-3557.59670401564
-3553.00106131225
-3553.09159609632
-3553.09159609632
-3551.08693696707
-3551.08693696707
-3551.88546224893
-3552.85205270568
-3554.18758927215
-3555.67550642739
-3554.64128201991
-3555.01457874209
-3557.33596802192
-3557.17085182417
-3557.17085182417
-3555.99573063088
-3555.35257650442
-3555.35257650442
-3555.4218551038
-3554.38947997183
-3554.78948656004
-3554.72265309146
-3554.72265309146
-3557.55346354265
-3552.10763168353
-3553.83975983954
-3554.10808470816
-3556.72690604141
-3557.74078313131
-3557.74078313131
-3552.80961072345
-3551.68405207912
-3551.30776902272
-3551.21602451886
-3551.21602451886
-3551.18257225894
-3551.18257225894
-3549.63138619688
-3548.03997623534
-3549.67118408217
-3549.69948654961
-3550.30548592988
-3549.07064302932
-3550.30683665765
-3550.31635021142
-3549.38504186505
-3548.73439481137
-3548.44669212099
-3546.6638904375
-3546.6638904375
-3546.6638904375
-3546.31371736767
-3546.31371736767
-3546.31371736767
-3546.81616291216
-3547.06368787653
-3549.20767680919
-3549.36937351028
-3556.29528601041
-3551.88817728145
-3553.22321638854
-3550.38467128985
-3549.03007341404
-3550.48421582665
-3549.05084366309
-3549.08256649986
-3548.32446606973
-3555.89503922164
-3549.29682405803
-3550.02707934216
-3557.55257608997
-3557.55257608997
-3550.02486051559
-3550.30250191732
-3553.48195835922
-3553.89098973145
-3553.89098973145
-3553.52699705438
-3553.52699705438
-3562.63093486094
-3555.75863665219
-3555.94202823119
-3556.21100653918
-3556.9296459931
-3556.91163123645
-3562.69749608669
-3558.37550158367
-3554.86120734823
-3555.57482742014
-3556.10088872528
-3558.10341292555
-3556.77820208414
-3557.14168091166
-3557.18020223028
-3557.82810644262
-3557.17992785569
-3557.10162987018
-3561.30422482788
-3556.80250593401
-3560.53782891774
-3555.23597446643
-3555.23597446643
-3555.23597446643
-3555.23597446643
-3555.23597446643
-3555.51458088926
-3555.51458088926
-3555.51458088926
-3555.51458088926
-3555.51458088926
-3555.51458088926
-3555.51458088926
-3555.51458088926
-3555.51458088926
-3555.51458088926
-3555.51458088926
-3555.51458088926
-3555.51458088926
-3555.51458088926
-3555.51458088926
-3560.10893929542
-3563.33940832105
-3560.76422363701
-3562.14840644059
-3562.76982332746
-3565.7996967365
-3563.09525922933
-3569.62746956149
-3573.69645485818
-3568.71008627405
-3564.42392832192
-3561.87541808946
-3561.98991126599
-3572.97589394181
-3566.1710582009
-3562.47649285155
-3564.90200369646
-3562.03875154703
-3562.03875154703
-3555.96151309603
-3554.15223663692
-3555.59892100086
-3554.76167526691
-3554.56543694338
-3554.56543694338
-3557.43243450916
-3555.12882323387
-3555.14456147179
-3556.2482532889
-3555.87470149611
-3564.37762423057
-3564.05562578455
-3559.85760671858
-3561.24434099459
-3563.37045298345
-3570.00620346601
-3569.31062649922
-3570.96244429227
-3567.75141205907
-3566.614960062
-3565.46838757627
-3566.15815443032
-3564.19347742185
-3562.64930866914
-3563.05589682569
-3562.57922701599
-3563.6536588754
-3561.91952160028
-3562.3120153313
-3564.01117434882
-3562.97128110577
-3561.77402206244
-3561.32432641744
-3561.32768383695
-3561.32768383695
-3562.59503304332
-3566.82795885702
-3565.00096145361
-3564.70873814464
-3566.39978066357
-3562.06927919457
-3564.36143384775
-3558.91854595615
-3557.02470537256
-3559.60798111671
-3562.9313848427
-3559.09985088182
-3558.42292450836
-3558.36707105479
-3559.31896402483
-3559.20661818454
-3559.20661818454
-3561.00063457587
-3561.50676657648
-3562.57987361536
-3562.28034506218
-3563.90879149933
-3567.04008625131
-3563.90879149933
-3564.99342869493
-3564.5618612414
-3565.06368029052
-3565.06368029052
-3564.54954063123
-3559.0222687449
-3561.51217010668
-3561.70763305447
-3561.48416691281
-3561.29596283297
-3560.56423624464
-3559.29392935545
-3561.31773612021
-3560.36931404188
-3563.95225589097
-3560.40977733494
-3561.76543936216
-3561.00359889283
-3561.00359889283
-3557.6068938493
-3561.57224977871
-3558.37775550044
-3556.20949862533
-3555.69711079072
-3557.62277432724
-3557.02971345022
-3556.71450501147
-3559.97583861293
-3555.51828304386
-3559.36232448867
-3555.51828304386
-3557.04541919948
-3558.74308888001
-3562.23044398366
-3558.96696696153
-3557.96318942808
-3568.65992603935
-3556.97629056026
-3558.86058903527
-3559.44001766692
-3556.50224347517
-3559.50390233036
-3559.11663399105
-3559.50390233036
-3558.74436635666
-3558.07058116031
-3559.18391870704
-3557.36406946183
-3558.07058116031
-3558.07058116031
-3558.07058116031
-3557.60722107784
-3560.83658711673
-3556.85041183339
-3556.80559649411
-3556.29343879547
-3554.03380299327
-3555.95527982037
-3555.95527982037
-3555.1886133362
-3559.30031054142
-3557.58795054304
-3557.34803565351
-3558.34632263311
-3557.70386982348
-3557.70386982348
-3561.53098568119
-3559.4280076175
-3562.46257772025
-3558.44352298351
-3559.66377094604
-3561.07158927514
-3561.07158927514
-3561.92043666374
-3561.07158927514
-3559.47731421225
-3560.80950634459
-3560.17715648668
-3557.47427927786
-3556.49054624431
-3562.22457790128
-3555.73034788309
-3556.37443326716
-3554.77361813691
-3560.39044596928
-3555.48344129913
-3554.60153995217
-3554.12475031587
-3554.59270444919
-3555.14140253043
-3558.14547607972
-3558.80444091181
-3553.13908155562
-3552.27538401924
-3551.88135860075
-3554.03332888236
-3554.2554256953
-3554.0755113644
-3553.37002774122
-3553.52215120738
-3553.52215120738
-3556.59905188315
-3553.85585530064
-3553.19718183405
-3551.0034133637
-3551.0034133637
-3554.03722116988
-3557.78093542255
-3551.12658447022
-3551.12658447022
-3551.56906869961
-3551.56906869961
-3551.56906869961
-3551.56906869961
-3551.74877391588
-3551.74877391588
-3551.89473715535
-3551.96860437204
-3551.55314906986
-3551.55314906986
-3552.25566940947
-3556.03993887376
-3554.245610714
-3554.245610714
-3554.83680568384
-3554.16676698255
-3554.16676698255
-3554.16676698255
-3554.16676698255
-3557.37583466612
-3554.6181943789
-3553.79005744291
-3552.06255149683
-3552.36673182021
-3552.19432743608
-3551.91453114208
-3552.60087080825
-3554.17623525607
-3550.34650234182
-3550.34650234182
-3550.34650234182
-3550.34650234182
-3551.74777395788
-3551.74777395788
-3551.69623628947
-3559.02941254812
-3552.03559863642
-3552.03559863642
-3552.07093746669
-3552.08888154159
-3552.25708190489
-3552.25708190489
-3557.63735687821
-3552.32928347851
-3552.32928347851
-3552.32928347851
-3556.84218950998
-3552.32928347851
-3553.09789796159
-3553.0891283328
-3554.21137475236
-3553.43209654649
-3557.31710364584
-3557.3782355168
-3549.93208157065
-3551.93820816207
-3553.27565265104
-3552.03821094437
-3548.97117921732
-3552.42792188664
-3552.20653331326
-3550.79852511021
-3553.89863454201
-3550.68173078501
-3557.15418874299
-3551.62643153012
-3556.16030318838
-3554.31246013179
-3554.53579226653
-3556.22222055112
-3554.82098966417
-3551.37074795183
-3557.23451448504
-3550.32950349178
-3550.33670081446
-3548.86194350702
-3548.86194350702
-3548.86194350702
-3548.86194350702
-3550.75199963978
-3550.75199963978
-3556.35506280503
-3550.98845356827
-3559.32853361413
-3550.98845356827
-3555.77612823335
-3555.24353234556
-3556.51449989715
-3554.94581922497
-3557.26252007824
-3556.97617051801
-3551.99544863946
-3551.99544863946
-3551.99544863946
-3552.68746816176
-3553.3374622187
-3551.36512336696
-3556.24984279726
-3550.32646845944
-3553.97809291785
-3553.84609794808
-3551.31578856563
-3551.82317013843
-3551.82317013843
-3552.51899856886
-3558.73034105271
-3552.09797294769
-3552.09797294769
-3556.33211066394
-3552.09797294769
-3552.09797294769
-3557.20248710336
-3553.07670892015
-3553.34082640358
-3557.20248710336
-3556.26187063397
-3554.62215191922
-3552.66444380109
-3551.19465134977
-3553.25732911923
-3554.93867188575
-3552.2528962285
-3552.2528962285
-3559.04913562831
-3550.35582743847
-3553.51242727759
-3551.40600858437
-3555.61353738236
-3554.49443656011
-3555.40323346958
-3556.69081712561
-3561.98816585635
-3557.96351533803
-3553.67714531072
-3553.89625082846
-3555.30511614428
-3555.5045688398
-3554.66823923732
-3552.70156840806
-3553.80106206704
-3554.49020650447
-3554.30497091385
-3554.80615810954
-3555.5544435694
-3554.9326010042
-3555.19999753394
-3554.252534517
-3551.69676237699
-3552.39042993981
-3550.03273711418
-3552.50293472024
-3551.18403960808
-3562.56793679711
-3551.6308019234
-3551.56045129369
-3553.08908722052
-3552.8742085767
-3553.15508957355
-3551.52055258149
-3550.20375808229
-3550.91528689544
-3550.60770356164
-3550.95257804176
-3552.29124173912
-3553.04905426605
-3552.27502681456
-3551.07720015317
-3550.9385978791
-3552.5552646494
-3555.81753547286
-3552.44335376632
-3556.88805148036
-3559.33775538169
-3554.41262000227
-3556.45559304583
-3555.73314687204
-3555.79743386293
-3555.11286013317
-3561.00708687013
-3560.96340463349
-3558.833731922
-3557.1765090086
-3558.23210461543
-3555.51404525933
-3553.4689405994
-3550.61713793125
-3550.36808669754
-3551.68241899151
-3553.95951969247
-3553.70416467441
-3551.25880756581
-3548.73314020422
-3553.24965414831
-3552.65451404812
-3550.5484643098
-3554.48851037077
-3556.5837249513
-3554.86295276355
-3554.92115348644
-3555.0576934652
-3556.04352662926
-3554.10809522465
-3555.25352033958
-3554.74919937859
-3555.31524358134
-3554.28370199077
-3553.45853149855
-3553.96813217298
-3553.91482067854
-3552.78389637478
-3553.95004706328
-3554.75171345803
-3558.52346299178
-3552.1438414563
-3552.22225850031
-3553.76384619096
-3549.92789719657
-3550.43920054231
-3548.46226151143
-3561.805853624
-3550.10811332818
-3550.37053551789
-3550.24669915835
-3550.75253383835
-3550.90753351601
-3550.48572411271
-3551.99738342807
-3564.07447484083
-3560.79424021996
-3564.37648748697
-3549.61664475446
-3549.96743926045
-3549.50896204073
-3550.64110839961
-3550.64110839961
-3551.68671526775
-3548.81092998186
-3547.9132361098
-3548.47969784501
-3548.50787643669
-3548.50787643669
-3548.49148086638
-3548.7579995965
-3549.69596068405
-3549.69596068405
-3567.06472182853
-3550.00673330721
-3550.29364260121
-3551.68412709212
-3551.68412709212
-3546.86793096288
-3548.50011302574
-3549.69222646853
-3550.76498207643
-3550.76137678781
-3557.74118793709
-3551.2698947962
-3548.56277332124
-3546.82418467291
-3546.71272471307
-3549.41096028481
-3551.52187716338
-3553.22589134256
-3551.55046431383
-3551.18322420012
-3549.84069559854
-3547.74315381232
-3546.47652607751
-3545.64750862913
-3545.64750862913
-3546.13963428839
-3548.19738962504
-3544.74595270361
-3544.74595270361
-3545.5830366595
-3545.5830366595
-3546.41023375943
-3544.57709583453
-3544.50440422862
-3546.61053544274
-3544.10290683119
-3545.24497548054
-3546.71595106813
-3554.46777078567
-3548.63457474176
-3548.20842628575
-3547.73391856183
-3548.69674405403
-3547.57409910987
-3548.47222765574
-3548.16017523997
-3548.16017523997
-3548.16017523997
-3555.45609944292
-3550.59720435028
-3553.86596349178
-3552.50417076209
-3549.21693380287
-3549.21693380287
-3551.20875318007
-3554.46629331663
-3548.37031317901
-3554.69669706515
-3547.30157434348
-3548.68235957874
-3548.65401498873
-3549.82114393625
-3546.88397760016
-3546.88397760016
-3546.70811050115
-3546.70811050115
-3547.66687469798
-3548.47125211649
-3548.96928497917
-3548.36286413161
-3549.00063552003
-3549.22776823454
-3549.45501905355
-3549.72259103796
-3549.58197694602
-3549.58197694602
-3549.64694690867
-3548.58130390479
-3561.7398054028
-3548.58130390479
-3547.48513001637
-3547.48513001637
-3546.28620362608
-3546.28620362608
-3546.17885344498
-3546.17885344498
-3546.38050362674
-3546.29602360564
-3546.24132553322
-3545.64055740611
-3545.64055740611
-3545.64055740611
-3545.64055740611
-3545.64055740611
-3546.18562396625
-3546.18562396625
-3546.18562396625
-3546.57134732932
-3546.57134732932
-3546.57134732932
-3546.57134732932
-3546.57134732932
-3545.96547082362
-3546.13034412245
-3546.13034412245
-3546.13034412245
-3546.13034412245
-3545.69548402242
-3545.77617235832
-3544.40733069819
-3544.40733069819
-3544.40733069819
-3546.11344000668
-3546.11344000668
-3549.09344007122
-3549.20426186253
-3548.50742973943
-3549.02160241969
-3550.26205425043
-3549.82117775672
-3547.79686219739
-3562.13562725424
-3548.22685542283
-3547.81322590327
-3551.17224706355
-3551.06482127343
-3551.98495852479
-3551.98495852479
-3549.59083767142
-3550.09291677358
-3551.31782518563
-3551.69112337224
-3551.0472854818
-3551.28010778017
-3551.28010778017
-3551.75932647472
-3549.04946018686
-3550.66041435977
-3549.79218485542
-3550.12333495638
-3550.12333495638
-3549.72535111684
-3550.2917204998
-3551.09611969398
-3551.30506142661
-3551.31482134126
-3551.31482134126
-3551.10463615911
-3551.10463615911
-3551.5447006518
-3552.47456239563
-3550.10809484543
-3550.27602700267
-3550.39353676093
-3548.8526247143
-3549.47629402185
-3550.23169882036
-3550.06235756618
-3550.10996042459
-3550.38508557644
-3551.56191995498
-3550.52352498336
-3550.13200354431
-3551.14808284465
-3549.68511531429
-3551.98044674777
-3552.68176839047
-3549.89465479964
-3553.41181549438
-3550.97910419459
-3564.31493627189
-3564.89756115633
-3565.22343070432
-3557.25487960807
-3559.03629734871
-3559.52653507979
-3559.41795182756
-3556.01404119658
-3558.25458814644
-3556.05100714598
-3556.61438872251
-3557.16639035972
-3556.94853377774
-3555.44109039078
-3555.44109039078
-3561.67985429025
-3556.90821104555
-3558.59091270355
-3557.08797053069
-3558.58933772334
-3556.79226220006
-3555.98512427973
-3556.75710931152
-3554.99666796715
-3554.24721742398
-3555.37367611014
-3552.99687629959
-3554.20392864305
-3557.54815968792
-3558.61317521252
-3554.98703810924
-3554.57919926654
-3555.36877093462
-3555.87908850807
-3560.01461884938
-3556.849810607
-3557.80217466716
-3557.84225998092
-3556.5978250154
-3558.58124682911
-3558.83303266638
-3559.17252412061
-3558.71254955508
-3560.56979118529
-3557.19177100169
-3559.66310088116
-3560.32323916812
-3556.60115758702
-3558.47512185465
-3557.84193597513
-3554.85271651294
-3558.59736097198
-3552.43791450582
-3553.3404785497
-3550.92240304631
-3552.04155487432
-3552.39731950824
-3552.21998682526
-3552.91133323662
-3552.01922123046
-3551.41262241167
-3552.47139663687
-3552.95925699866
-3553.36626160236
-3554.75081876092
-3554.29896821261
-3553.28074843871
-3552.84135128868
-3552.98773515827
-3552.53052745422
-3555.02175145779
-3555.03150520742
-3551.98020105727
-3551.72253547741
-3555.80351954003
-3552.68689248161
-3553.86593771142
-3553.08409054546
-3552.40535593214
-3551.87993819523
-3552.02067690683
-3551.81612966681
-3552.6485719848
-3558.77100037164
-3555.39000262461
-3553.29726026162
-3552.81259842898
-3554.59855384018
-3551.18026543889
-3553.78279571897
-3553.87152173604
-3554.01969317766
-3550.74856979611
-3550.74856979611
-3558.77076052912
-3549.99751422961
-3550.22629349991
-3550.22629349991
-3548.88535092028
-3549.00246349507
-3550.94741469793
-3550.74712300337
-3551.32318589407
-3552.49346819637
-3550.48863839224
-3550.48863839224
-3550.48863839224
-3551.70023015572
-3551.70023015572
-3551.70023015572
-3552.72294510591
-3551.97520731781
-3552.50776218968
-3553.00052119066
-3554.57015563425
-3554.114577848
-3554.50909334914
-3554.4777330195
-3558.16917705395
-3558.10192105718
-3563.92644430302
-3554.65869603139
-3555.3759050321
-3555.3067258764
-3562.76893892112
-3554.4078092974
-3552.35147879295
-3554.18585483741
-3554.73949129076
-3556.95917700377
-3554.44540689954
-3553.34408411283
-3553.61053511601
-3562.42595057436
-3555.92545444069
-3555.30249640185
-3555.09412841672
-3564.1790892841
-3558.30728659856
-3561.26206462975
-3558.98886247608
-3557.35511599536
-3560.12149856269
-3559.1811232702
-3557.47940890917
-3557.47940890917
-3557.84826588632
-3556.8148780676
-3556.02308158943
-3552.55985190833
-3552.01316198852
-3552.63291607906
-3552.67075562825
-3555.83622790866
-3553.88060744067
-3553.13962364633
-3554.23716817694
-3556.0169871362
-3554.20016360078
-3551.56659803474
-3551.59156534803
-3553.30345492164
-3552.02771258724
-3552.02771258724
-3554.35126725596
-3552.54635693509
-3552.98170827784
-3553.09394505737
-3552.46932001917
-3553.02504900063
-3553.15595049499
-3551.29938837565
-3551.61482241478
-3551.17886347409
-3550.50692022181
-3552.08160457638
-3550.97311298047
-3552.26733420026
-3551.36663245165
-3551.21955777092
-3551.1685881726
-3551.1685881726
-3551.62809273868
-3550.90086705655
-3550.90086705655
-3550.24988186662
-3549.89186824197
-3550.12967889006
-3550.8214243271
-3554.68076802769
-3554.68076802769
-3554.08091293059
-3553.42905144146
-3553.49911761526
-3553.29608705113
-3553.99653060716
-3555.68901145888
-3561.35665069492
-3560.6670952162
-3566.37156421027
-3568.39480605924
-3568.05711568535
-3568.05711568535
-3559.91345945132
-3562.06541883469
-3562.5301775772
-3561.96179172103
-3559.1084367205
-3559.70402658163
-3557.09994754668
-3559.69789696907
-3551.33749276791
-3550.85097104712
-3552.16913953077
-3552.66904848044
-3552.66904848044
-3552.56121808378
-3551.63765045283
-3553.10461152007
-3552.91028422258
-3553.6495232063
-3558.05420658526
-3561.90944304973
-3562.70007392627
-3559.11069473069
-3560.67783995548
-3561.12974940334
-3560.90091355336
-3562.1267369246
-3557.33235880534
-3557.02893152516
-3557.00139649643
-3560.44512910539
-3555.70843574454
-3557.18921523514
-3558.04443258231
-3556.87167249401
-3556.18322825103
-3554.91568403468
-3554.91568403468
-3554.92417748644
-3555.27624300504
-3564.86415615182
-3558.17105509753
-3561.02834380336
-3560.78435380902
-3558.75535531938
-3557.3464176068
-3556.64095408015
-3552.87079253716
-3551.46883205964
-3552.84069083929
-3556.48603766716
-3552.89882922492
-3554.09387191408
-3555.38474568462
-3557.77450647669
-3554.4919736184
-3554.65760865138
-3555.88221950053
-3555.81572473217
-3555.81572473217
-3555.81572473217
-3553.60547528823
-3552.98179763366
-3556.20284426102
-3551.7321512268
-3556.69180433334
-3553.30358418584
-3552.43913831162
-3552.43913831162
-3552.43913831162
-3554.51017482381
-3554.09250971707
-3556.78190438813
-3555.4211643847
-3555.24953986189
-3553.94317277375
-3555.94499824087
-3556.79454979641
-3554.82607063258
-3554.82674267005
-3553.31230298197
-3554.08608835445
-3555.94109484834
-3559.50664552208
-3553.87130906736
-3555.81578378762
-3569.16247353257
-3570.68264724133
-3569.53320203452
-3556.66320115076
-3559.48340528744
-3556.08988381845
-3556.62217816021
-3557.83687745953
-3562.88220685513
-3559.1407600791
-3559.06303656521
-3558.28951453793
-3558.98192684282
-3558.77286101956
-3559.44872060919
-3561.30188289389
-3558.07887982104
-3557.57842714929
-3559.15200790403
-3554.78516700882
-3555.2234979663
-3556.60929443795
-3553.82297284561
-3554.07297869597
-3553.55736517783
-3555.34955166118
-3554.74355706101
-3552.67517318454
-3553.6603779838
-3553.6603779838
-3555.10992861931
-3555.11886444092
-3555.11886444092
-3556.82102627321
-3555.21057737587
-3555.31586007928
-3556.75739463101
-3555.93008750754
-3553.4759085368
-3553.07849683904
-3551.93532708919
-3552.66857897368
-3552.3436147993
-3554.36685341425
-3556.88854462456
-3549.54315177872
-3549.54315177872
-3550.39646846682
-3550.39646846682
-3550.44575339671
-3549.3115471071
-3548.82230839966
-3548.82230839966
-3548.62255626163
-3548.62255626163
-3548.1025586663
-3548.1025586663
-3548.1025586663
-3547.97453770414
-3547.87142787817
-3548.58619213861
-3548.03743028903
-3548.03743028903
-3548.03743028903
-3549.62340556391
-3549.62340556391
-3549.50502202682
-3554.53343976575
-3554.53343976575
-3550.35549437633
-3549.30246451781
-3549.30246451781
-3549.30246451781
-3551.21751576261
-3551.21751576261
-3551.00652096503
-3550.34658527553
-3547.1212650795
-3549.04188021709
-3549.28738971155
-3546.68880533343
-3546.90230642116
-3546.90230642116
-3547.01678096097
-3546.74827893945
-3547.36339185425
-3547.36339185425
-3546.57927264847
-3546.57927264847
-3546.57927264847
-3546.57927264847
-3546.57927264847
-3546.57927264847
-3546.49051918348
-3547.63863546462
-3549.04787594293
-3549.04787594293
-3549.04787594293
-3549.04787594293
-3550.37482413212
-3550.94791096904
-3549.04787594293
-3549.04787594293
-3548.51694706407
-3548.51694706407
-3548.34686351645
-3548.54958655351
-3548.61707833279
-3551.03322338478
-3552.64336170083
-3551.31686777205
-3553.90613888095
-3554.28764287049
-3557.72901667072
-3555.86269429193
-3555.83435908413
-3555.83435908413
-3556.28797820238
-3555.24210231011
-3558.92514974571
-3556.1908562448
-3556.13444248164
-3553.40845200359
-3551.95813937599
-3553.88661772253
-3552.23282824168
-3554.68068295802
-3551.97472097273
-3557.74442885485
-3554.82930860637
-3554.01540244882
-3555.72498751139
-3553.07252658869
-3551.62073822878
-3552.83059279706
-3554.19965646096
-3552.22763374391
-3553.16631215829
-3553.79341458153
-3555.29935434239
-3556.71867057676
-3556.71867057676
-3555.86259689443
-3554.98998992643
-3553.95970908855
-3555.65268395879
-3554.23499011283
-3557.91396714258
-3558.49973269162
-3560.8084876909
-3557.04626875168
-3556.79375286952
-3558.43886830224
-3555.68572996614
-3551.86780016395
-3551.51320821053
-3552.56125799645
-3552.02065335874
-3552.02065335874
-3554.25673214239
-3555.45701790871
-3553.72628519424
-3555.36698524518
-3551.28293814796
-3551.28293814796
-3551.47495054533
-3551.47495054533
-3553.22342119758
-3553.22342119758
-3551.54601167346
-3551.7928156143
-3552.7365934194
-3551.37534449472
-3550.08307605808
-3551.29415440413
-3554.66091360456
-3551.43250668137
-3552.43063288298
-3549.71495755702
-3549.71495755702
-3549.71495755702
-3546.85144821137
-3548.51187204993
-3550.58018889817
-3547.58244603957
-3550.58018889817
-3546.39554718657
-3548.44867964159
-3547.96364111491
-3549.59701128435
-3549.64499324926
-3547.62930432628
-3547.76220287082
-3549.38578575252
-3549.38578575252
-3548.57625917405
-3548.57625917405
-3549.91291053558
-3550.9801554534
-3551.42549651689
-3551.42549651689
-3549.19692943013
-3549.19692943013
-3554.0422832715
-3549.19692943013
-3551.39969535997
-3549.19692943013
-3549.19692943013
-3550.8156123451
-3549.19692943013
-3549.19692943013
-3549.19692943013
-3549.54015527997
-3549.69919000681
-3549.69919000681
-3549.69919000681
-3551.34880118728
-3551.62209004691
-3550.14536852173
-3550.14536852173
-3550.14536852173
-3550.14536852173
-3554.08062505372
-3552.78963782876
-3551.47266073004
-3552.98867989105
-3552.98867989105
-3552.45880878288
-3553.59296365792
-3553.49254107634
-3554.6064128394
-3552.00648593064
-3556.67610389969
-3551.591357966
-3553.44702370383
-3554.80976663329
-3553.44702370383
-3553.44702370383
-3552.32398122389
-3552.32398122389
-3553.55836319384
-3553.48333476767
-3553.49099366486
-3549.3460724236
-3550.42752618176
-3550.42752618176
-3556.68518246547
-3556.68518246547
-3550.63150569087
-3548.25946538495
-3548.25946538495
-3548.25946538495
-3548.25946538495
-3548.25946538495
-3548.75079616753
-3548.75079616753
-3548.75079616753
-3550.5468930926
-3551.28841910638
-3551.28841910638
-3552.45133596366
-3551.28841910638
-3551.28841910638
-3550.34687729394
-3552.30488913472
-3546.85805580335
-3546.85805580335
-3546.85805580335
-3546.3371218073
-3545.96318147249
-3545.96318147249
-3545.96318147249
-3545.96318147249
-3546.48397962591
-3545.8431063451
-3545.8431063451
-3545.8431063451
-3545.8431063451
-3545.8431063451
-3545.8431063451
-3546.32818393205
-3546.32818393205
-3546.32818393205
-3546.32818393205
-3546.32818393205
-3546.32818393205
-3546.20254431978
-3546.20254431978
-3546.20254431978
-3546.20254431978
-3546.20254431978
-3546.20254431978
-3546.4036162625
-3546.31463345512
-3546.31463345512
-3546.49874742699
-3546.12779417746
-3546.23160297926
-3546.23160297926
-3546.23160297926
-3550.1396313173
-3547.02242830141
-3546.16358927697
-3546.16358927697
-3544.87726890117
-3545.21988892306
-3556.29193795245
-3548.53715422035
-3549.18817744021
-3549.43371349256
-3549.95724865935
-3552.75886867273
-3549.61546939834
-3550.65999555781
-3549.47780580791
-3549.97687654261
-3552.15501246756
-3552.15501246756
-3551.5739143475
-3552.71457975125
-3553.22079411178
-3553.45980180637
-3553.50141765785
-3553.25773752725
-3551.06515575736
-3551.56595010454
-3551.56595010454
-3552.10370605852
-3552.07585309021
-3552.07585309021
-3552.15328673328
-3552.84122753703
-3551.82073512959
-3551.82073512959
-3551.85464265308
-3556.1886091527
-3553.18987988779
-3552.7503250569
-3553.2879221202
-3552.38523800996
-3552.38523800996
-3552.46085425279
-3553.88752628075
-3552.85699754776
-3552.94931483126
-3554.98283573845
-3555.81374672104
-3558.8221299289
-3558.68397350528
-3559.7033947865
-3561.18154681679
-3554.58998262711
-3553.69705666356
-3553.74924395211
-3553.99906378544
-3554.88014429312
-3556.5079536614
-3556.5079536614
-3555.89121067546
-3555.89121067546
-3557.65065993517
-3555.71906486539
-3557.11163659174
-3557.11163659174
-3558.98166012928
-3559.05881813028
-3557.09408427641
-3552.41543441557
-3553.87335110536
-3554.03816007922
-3556.34106441795
-3554.9247423101
-3553.0448349923
-3554.31454877166
-3555.97413235474
-3561.51126096565
-3555.79711636414
-3554.26392424687
-3555.09025593111
-3555.53874714461
-3556.70834607322
-3558.60294497614
-3556.68925315899
-3554.65553503888
-3553.06251111193
-3552.617026504
-3554.04735796189
-3551.27255039105
-3553.06542911794
-3552.2372509283
-3552.2372509283
-3553.37477535135
-3551.51619408274
-3553.67290650946
-3554.73828552861
-3554.03733053409
-3555.71387784921
-3553.33785276114
-3550.77577557918
-3552.55866507084
-3551.9645084694
-3554.22806407424
-3553.18852461305
-3553.14246732596
-3552.57772138135
-3553.03528222941
-3553.03528222941
-3553.59137916272
-3551.51972043893
-3550.36331127373
-3550.36331127373
-3552.17617417404
-3560.67875610655
-3553.42283865009
-3556.06796525735
-3556.23215755185
-3555.71107789232
-3553.50337297143
-3555.90757966428
-3561.37981881101
-3554.1528342483
-3554.25173457131
-3556.73238208867
-3555.46961428715
-3552.27331834672
-3551.43047517967
-3552.34883120779
-3552.5902157742
-3551.73684105292
-3552.65690752147
-3551.10474299808
-3554.14943192481
-3552.19155005209
-3553.35125000058
-3554.28597819667
-3555.2745690075
-3555.2745690075
-3555.14865438467
-3555.14865438467
-3554.55566559175
-3557.4147218134
-3557.31310917119
-3557.60505782844
-3557.82700050975
-3554.74787702509
-3554.74510396396
-3557.11522023226
-3558.07421312771
-3555.27433721288
-3553.09827851708
-3554.96333805007
-3556.86730581127
-3553.60943692412
-3553.18009679479
-3550.9441287167
-3549.82226232378
-3551.50572323668
-3550.22409950525
-3550.4595671711
-3553.37503310171
-3552.1902723897
-3552.1902723897
-3552.1902723897
-3552.1902723897
-3552.00306022092
-3553.8156862377
-3549.28562676931
-3549.4508497529
-3550.48466594215
-3552.5395237364
-3561.12004924971
-3551.37201589648
-3549.94188374516
-3549.70473289204
-3553.88535103136
-3554.52833298376
-3554.52033352601
-3551.80001292413
-3550.7618843918
-3550.69501960848
-3550.56328896054
-3552.77009284256
-3552.7819568858
-3551.780664366
-3552.97265664985
-3553.65218150866
-3552.23912090452
-3550.35718920452
-3549.20530702322
-3549.97099878249
-3549.31771770467
-3549.06377417826
-3549.23418276536
-3551.63206420182
-3557.5659746294
-3557.2774072354
-3552.68793080862
-3552.42057118421
-3549.08686778734
-3548.68616607569
-3550.22620976185
-3549.6503934458
-3549.55243261787
-3547.76505595022
-3548.24514818458
-3548.18935765086
-3549.92929448139
-3551.43635884213
-3549.9814353753
-3549.56526491457
-3549.56526491457
-3548.77301991213
-3549.39645151691
-3551.23357907201
-3551.15092300256
-3551.61722530172
-3551.61722530172
-3551.71168690064
-3553.0404492676
-3554.4507219919
-3552.33794235942
-3552.24310656965
-3552.24310656965
-3548.96424017496
-3550.39126544275
-3552.25007029306
-3550.97790461821
-3550.0657639653
-3550.9806297746
-3551.81401209315
-3553.7673740882
-3558.00051045158
-3550.655593865
-3551.0720702824
-3552.69836092428
-3552.69836092428
-3552.69836092428
-3552.69836092428
-3557.74235677615
-3552.3684588162
-3551.04573041604
-3551.27634010927
-3551.08941220131
-3550.75321477338
-3552.29982272185
-3552.67426128911
-3552.92397958295
-3559.11530527794
-3556.77091976175
-3556.58082084837
-3561.66907518916
-3556.62041845679
-3558.44205946587
-3556.22711953086
-3556.34326853232
-3554.28698307625
-3555.29039756583
-3553.59318865974
-3555.728733678
-3555.02535075006
-3556.29595204244
-3559.40450582732
-3558.11281993006
-3562.2991303998
-3560.28893713969
-3558.01275390227
-3557.49761356275
-3558.65934702205
-3558.42996125121
-3558.42996125121
-3557.85963151362
-3551.77794388302
-3558.90627794176
-3550.87039758036
-3549.30386625886
-3549.30386625886
-3550.80373041484
-3551.90961191562
-3552.50963169333
-3553.35907064062
-3553.6537144766
-3555.92713492966
-3555.92713492966
-3557.86376448732
-3556.81787031375
-3555.02020196856
-3553.76162402783
-3554.28096734442
-3556.33787882386
-3552.20549719682
-3552.91226279363
-3554.72921785624
-3551.70725321535
-3553.88065826736
-3553.24817055301
-3551.58963005183
-3554.93228676412
-3553.57370584497
-3553.63834360327
-3555.47388418657
-3553.8503289213
-3552.26566819674
-3552.8976964865
-3554.21059691462
-3551.30219879967
-3551.30219879967
-3549.4676999034
-3550.03665814628
-3549.5554242401
-3549.60285610943
-3547.80846872456
-3546.57558873322
-3546.43742050899
-3547.10105871851
-3547.28879006358
-3547.64040276818
-3545.46871612546
-3545.90232918432
-3547.74059097683
-3546.88809373242
-3545.75431955878
-3545.75431955878
-3545.75431955878
-3545.1616273803
-3545.5053821407
-3546.73364118582
