"var1"
-3643.64755256473
-3643.4959555202
-3642.6312279097
-3642.54143669334
-3644.03464648447
-3643.5702780278
-3642.52057966571
-3642.71699547237
-3643.09400956102
-3643.86661105958
-3643.27154400711
-3643.5824847169
-3643.38159767374
-3650.30484661067
-3642.96039575614
-3643.03370189528
-3643.07408543648
-3642.95970882383
-3643.98603413872
-3643.36323548348
-3644.53287897565
-3644.42340409484
-3644.01583854788
-3643.62004801625
-3644.69075797144
-3646.40188795889
-3644.58424989977
-3646.24143464492
-3645.53170258394
-3646.50920334376
-3651.22413447377
-3645.2399240171
-3645.65132943165
-3647.03950564383
-3653.22292431795
-3647.35712437786
-3648.72929687662
-3648.83227601519
-3649.40720269549
-3645.8007140194
-3653.34138550971
-3648.78327338683
-3648.60047900787
-3646.23671096459
-3645.96651631541
-3645.83428240936
-3648.49120004824
-3645.18272888912
-3645.70250612496
-3645.27331649944
-3644.3393956008
-3643.93983252024
-3644.24752277514
-3644.04064052729
-3644.12890056554
-3643.90804938303
-3643.26812538846
-3643.21984983598
-3644.36704880398
-3642.89273995851
-3643.11017666212
-3645.51979919533
-3643.20033341049
-3643.04442500776
-3653.47652132887
-3642.84766430502
-3642.84766430502
-3644.77902347907
-3642.20861430969
-3642.20707103455
-3642.04988502282
-3641.37251270128
-3642.37998973245
-3641.70147114962
-3641.63598654693
-3641.08081075977
-3641.0281789812
-3641.75313542059
-3641.99132782265
-3640.94813000307
-3641.22871269618
-3642.23755914859
-3642.94392813169
-3642.25220298093
-3641.77580965381
-3642.07984348347
-3643.37363594073
-3644.00290350435
-3642.86642608902
-3641.88643113161
-3642.05657405509
-3643.550955175
-3643.09535609438
-3647.27454527987
-3644.41714420122
-3644.27753918377
-3645.81055160907
-3645.37832462386
-3645.17075548497
-3644.13161003705
-3645.66474311358
-3647.18934550886
-3643.72739593879
-3643.7522571276
-3645.51808533504
-3644.89777945801
-3643.98591893938
-3643.72091685124
-3644.27899379557
-3644.11029333438
-3643.30443993637
-3645.47527749625
-3645.03122989375
-3645.29190100164
-3645.87767606347
-3646.98627620435
-3645.55886441283
-3645.81337049386
-3645.68455565836
-3646.18529905979
-3648.95180965644
-3647.2573374515
-3646.56244384503
-3647.96353557672
-3646.22293175776
-3648.43328791069
-3652.9345143681
-3649.83101082347
-3650.75878251596
-3651.54365980076
-3649.43836418165
-3649.95756897206
-3647.72323948557
-3647.80709914606
-3646.0999858699
-3645.02786281019
-3646.68449142249
-3646.4266343719
-3647.08369302544
-3646.70507154881
-3645.62958935112
-3645.12918267919
-3645.12918267919
-3647.99332034174
-3647.27474878477
-3649.90987916821
-3645.30669350167
-3645.27266231651
-3645.31969152552
-3644.98364693386
-3646.11389465317
-3644.23733785303
-3644.19236154131
-3643.57864693453
-3643.50129511053
-3642.78944332515
-3643.32503607853
-3642.75493748301
-3643.63001575531
-3644.80520622209
-3642.80686171745
-3643.10653294701
-3643.10653294701
-3643.11062711101
-3642.52468726789
-3642.87358624922
-3642.52716950373
-3642.03382319048
-3649.99370567016
-3642.9842510844
-3645.66099176681
-3645.5410764003
-3651.95480541056
-3644.02931752625
-3643.87702331202
-3645.10954760651
-3646.84459234786
-3647.44416395163
-3643.50457834014
-3642.79735373819
-3646.31201461602
-3643.07899101951
-3644.56843522048
-3642.45547980481
-3642.1633294221
-3643.3648769788
-3642.16214082785
-3642.16214082785
-3643.01481785485
-3643.1550400677
-3643.1550400677
-3644.65035947692
-3644.85917882786
-3644.89777187983
-3643.92632058416
-3645.12118239331
-3643.56082533077
-3643.26981620136
-3645.32826780609
-3643.97658159994
-3644.42737046756
-3645.16657856424
-3644.88479475796
-3644.82946490045
-3645.44330578
-3645.57066324791
-3646.19340572184
-3646.35538517899
-3647.08869173016
-3646.70625498308
-3648.96011576163
-3647.30451789866
-3646.22696959337
-3643.89023674453
-3645.96632694257
-3644.09069777714
-3643.19744327039
-3646.78158324069
-3644.58197858334
-3644.33228838706
-3644.33228838706
-3648.13207048802
-3644.24364313557
-3645.64377129931
-3644.30132158896
-3644.69990021852
-3643.73540200118
-3643.60202930189
-3648.46269886332
-3643.07439482073
-3642.8588588361
-3642.05120915888
-3641.53039272798
-3641.53039272798
-3641.01980222128
-3641.37172879796
-3643.54884366756
-3641.22413027244
-3642.71174974615
-3642.06499278174
-3641.83229938212
-3644.40836053092
-3641.33753723101
-3641.33753723101
-3642.05425648055
-3642.39695272718
-3642.12045781119
-3642.12689041004
-3643.09071213594
-3644.97146049612
-3644.24102974462
-3641.78462922039
-3641.73959951877
-3641.49739910878
-3643.7614205
-3642.23832170736
-3641.66301366706
-3643.43971284815
-3641.36811254271
-3641.01428871869
-3642.36649302872
-3642.25082090636
-3642.00250605586
-3647.33279721919
-3643.55696624241
-3648.3120976986
-3643.62696610587
-3641.75870228869
-3642.21912200815
-3645.98819244542
-3641.24284886996
-3642.7744025596
-3641.39039018106
-3640.9395692925
-3641.15530992348
-3642.07669101563
-3649.34756314495
-3643.58197909458
-3645.03135491134
-3643.7405878297
-3642.5686736992
-3642.2687441789
-3641.93966715336
-3642.69958391054
-3641.62598057722
-3641.39913468583
-3644.30352459344
-3643.54534034436
-3641.47611902474
-3640.68898911191
-3643.03620905788
-3641.69495343453
-3642.57732432728
-3642.81039118908
-3642.61841015561
-3641.98967076798
-3640.4331377467
-3640.4331377467
-3645.36613189084
-3640.2341926072
-3640.22988972611
-3640.86046390259
-3640.10800143342
-3645.19297077005
-3639.78505000373
-3643.27495157021
-3643.85028656519
-3642.5547790839
-3642.8885375043
-3645.78287760927
-3644.75817226639
-3644.3388991585
-3643.73611382051
-3646.8966124555
-3647.30833375201
-3649.05303054263
-3645.87453785126
-3642.69968942614
-3643.27061608787
-3645.27101648132
-3644.60391717044
-3645.97673702607
-3646.60202987072
-3648.29724869572
-3646.40145792781
-3643.94058904519
-3643.94058904519
-3645.47068610528
-3645.4627188923
-3644.90372694711
-3643.82180678781
-3646.71308144452
-3644.81922507875
-3646.83656691095
-3645.3278608404
-3645.81911406391
-3651.53388329706
-3645.60113990825
-3646.54245724234
-3647.89833718422
-3645.33469167862
-3645.60340869262
-3644.06857162592
-3646.64272540567
-3645.93115077462
-3645.65130775721
-3647.33605353695
-3644.92438027188
-3645.32562593154
-3645.46938058926
-3647.22293347959
-3645.66376540276
-3646.61150291923
-3646.49471770517
-3645.57436580864
-3646.1756596105
-3644.04971812194
-3644.11419243109
-3643.84740172473
-3645.23742078344
-3643.79539378979
-3643.06572828617
-3642.6834947497
-3642.92144446428
-3642.34688861644
-3643.23354463232
-3644.19769235189
-3643.80224772573
-3641.79735975983
-3641.69942918453
-3642.41993849286
-3641.88427168005
-3642.61659960709
-3642.34830086625
-3642.34830086625
-3643.58259842684
-3643.43330114437
-3640.81325333321
-3642.23319302007
-3641.19373746929
-3641.04510669294
-3641.72358043325
-3641.68238636433
-3643.01221625489
-3640.72013537333
-3641.30566204227
-3641.30566204227
-3643.44947928646
-3640.95223111036
-3639.43073352243
-3639.48559217929
-3640.47886051898
-3638.34662877616
-3639.8719286333
-3638.72318375437
-3639.96768622072
-3641.26391194063
-3640.68165341396
-3637.88723863181
-3638.11180135287
-3639.27394298631
-3639.69304660766
-3639.47718431759
-3640.19377380926
-3639.21835475608
-3639.92913586814
-3639.17778041302
-3640.35807500008
-3643.00166131549
-3638.50823501805
-3638.30257438064
-3637.63035691929
-3637.40759439538
-3637.53272986776
-3636.75191788739
-3636.75191788739
-3636.86802502431
-3638.29770362481
-3636.78000256026
-3638.61617228298
-3637.3907878021
-3638.98906268841
-3638.1023537953
-3638.0343990475
-3642.67535836911
-3638.11338693937
-3640.65949496108
-3642.77466743228
-3640.69213271253
-3639.72352399373
-3637.87793947994
-3638.62163523618
-3648.45754843453
-3638.82167002974
-3639.05038773069
-3638.41499599875
-3637.7177744195
-3637.23896691542
-3637.73808278177
-3638.32998636276
-3638.07820813049
-3637.7261479351
-3637.3146028241
-3637.3146028241
-3638.13019993065
-3638.13019993065
-3638.28366630433
-3637.21897147716
-3636.89422197389
-3635.90924997983
-3636.81310054478
-3636.22816389037
-3637.52938054743
-3637.52938054743
-3637.74260254227
-3638.14738883478
-3638.45737090215
-3639.66980284328
-3640.9493653544
-3649.60810921704
-3639.90009213789
-3640.51289214154
-3640.26581847638
-3639.28631659855
-3640.2445222355
-3638.18336707518
-3638.04970118534
-3637.72603434483
-3637.71814136185
-3637.07514008883
-3637.68192297526
-3636.91198605678
-3640.17343951171
-3639.1946027336
-3637.40778579055
-3637.99455996816
-3637.19997215361
-3637.31385382691
-3636.82681485001
-3636.4181850889
-3636.77849654943
-3637.06924207592
-3636.3345912709
-3636.65652239836
-3636.91470112034
-3636.91470112034
-3637.51932338766
-3638.7404152305
-3637.75560184911
-3643.95948769623
-3643.31147993854
-3638.99980188601
-3640.76801207274
-3640.21808217568
-3640.21808217568
-3641.97877756996
-3641.71934999896
-3641.45837973862
-3641.70295139921
-3643.99842729728
-3638.84679636994
-3642.50959683058
-3639.35592875272
-3648.20483621442
-3647.73192004524
-3642.94871075522
-3643.16871941627
-3646.29186010018
-3647.45036229411
-3643.26644356866
-3641.87636957571
-3641.15930059074
-3641.91261747794
-3641.91261747794
-3640.96843998843
-3641.68555792703
-3643.81980891223
-3640.59813265182
-3640.19429100238
-3638.79204276186
-3639.4406156164
-3641.95715884301
-3640.90047899576
-3642.31756199635
-3639.69769690464
-3639.12947652907
-3641.37419453547
-3639.39923693279
-3640.4473758808
-3639.0355213867
-3639.0355213867
-3638.76624646707
-3639.06410853503
-3639.1358127372
-3639.08555720474
-3639.76841987233
-3638.16756735305
-3636.94575818619
-3636.94575818619
-3636.94575818619
-3637.17252877316
-3638.52905440314
-3639.83162646275
-3638.88009656168
-3638.83820398101
-3638.87799882433
-3638.01149893237
-3638.51129112203
-3639.39085934136
-3639.12614117074
-3638.84562792933
-3638.51263690452
-3638.51263690452
-3642.55985576848
-3637.08840658027
-3642.58484430773
-3642.76426249811
-3638.45060244024
-3641.9320898773
-3640.33617766351
-3640.86649695257
-3641.56948885378
-3640.51707450189
-3641.45258181625
-3644.42017554951
-3641.81766577849
-3644.16978925072
-3641.91729223403
-3640.64812566371
-3641.4366269141
-3641.08429863592
-3640.80295280955
-3641.95608145801
-3641.95608145801
-3642.87534171144
-3639.77815254294
-3643.35629603246
-3640.43182758882
-3642.16482685766
-3643.35204794908
-3638.22352342988
-3636.38493618673
-3638.83449240117
-3637.93011841122
-3637.93011841122
-3637.32591705534
-3636.87171258573
-3638.63739124829
-3637.73387448175
-3636.48175722773
-3636.44261927455
-3636.05653028872
-3636.45288719064
-3636.49504838514
-3637.23784672097
-3636.40093607375
-3635.90304754327
-3635.91865833155
-3647.47402456357
-3637.64923039112
-3637.20137232596
-3638.15833644375
-3638.15058860808
-3638.3516483392
-3637.30697182352
-3637.76135139162
-3637.39179184342
-3637.68412029621
-3637.43200221902
-3637.05082137427
-3639.11610958911
-3638.45839065201
-3638.42937643398
-3638.25968535504
-3640.35609264179
-3638.73664988416
-3638.69132466684
-3638.11875494249
-3637.70178960542
-3637.25917327684
-3639.76473852246
-3638.5773708859
-3640.7143337606
-3638.30201943056
-3637.91624348635
-3638.03110394431
-3639.67660121926
-3639.79901495597
-3640.20562110931
-3639.92134732356
-3639.8694830285
-3640.43423481461
-3642.46673149177
-3639.4088977344
-3640.00093310983
-3639.00760179112
-3639.32660302029
-3638.17192609957
-3638.6608961854
-3638.6608961854
-3639.6533821889
-3639.97171224591
-3638.26467282218
-3638.12151367684
-3638.05346580768
-3637.03580971121
-3636.66893392701
-3636.85026716829
-3637.14390650183
-3644.49601150748
-3637.7903631045
-3643.18409651877
-3636.82618706227
-3640.99251921366
-3638.06993108795
-3637.75262234279
-3638.59159015095
-3638.47227181648
-3639.32240791214
-3640.36541975252
-3638.21348407624
-3639.14907261922
-3638.91639097906
-3642.47711684068
-3636.84916065577
-3636.43634140466
-3636.60056292959
-3638.28162372009
-3638.21978982466
-3636.53159729285
-3638.72455070403
-3637.79321481894
-3637.79321481894
-3638.96248250691
-3638.21297166378
-3637.20270500394
-3637.28260102865
-3636.81277038902
-3638.19987021996
-3635.87491447801
-3635.79772037532
-3635.14938937939
-3635.27310182721
-3633.37361489289
-3633.37361489289
-3633.37361489289
-3634.73427344613
-3634.73427344613
-3634.09045552169
-3634.08394467623
-3634.08394467623
-3634.23361370996
-3634.3238036786
-3634.23327578978
-3634.86604513844
-3634.88018634232
-3635.06736812102
-3634.69553335843
-3636.46098358227
-3634.6264441307
-3634.87511164877
-3634.39846572609
-3634.15900122165
-3633.85762601897
-3634.2551636099
-3633.71824225252
-3633.84359962705
-3633.84359962705
-3634.04407540068
-3634.12517234603
-3634.39287574122
-3634.82702269284
-3635.38217117805
-3635.80807306067
-3635.06147067143
-3635.06147067143
-3634.72972350105
-3633.87880678769
-3634.88978484309
-3636.23849080696
-3635.14843593543
-3636.31073569304
-3636.16934207049
-3636.04556907916
-3635.66364024583
-3636.25215849004
-3636.08914253172
-3642.96773486388
-3635.51939929815
-3635.50914005653
-3636.18650141646
-3636.85827805261
-3635.62784004854
-3635.54114513737
-3636.0084118947
-3640.34996965812
-3641.31729064257
-3635.28301179115
-3638.30818095754
-3636.7531838785
-3639.13188945858
-3637.76827898521
-3635.73935554142
-3636.6130220525
-3636.29958251396
-3635.92827934308
-3636.54921343972
-3640.41510296823
-3639.98847341829
-3639.68391588687
-3637.21735329281
-3636.46759291693
-3638.90050203619
-3638.68029139954
-3635.31436128149
-3635.70943186324
-3637.86715478568
-3635.61837087401
-3634.78367534376
-3637.69185171495
-3635.72995857215
-3637.05628674075
-3636.22153516321
-3635.74747611703
-3635.54608608491
-3635.41661114613
-3636.5815257903
-3634.214088373
-3643.2215376582
-3638.09365879717
-3635.65322134787
-3635.94153457013
-3635.2182723235
-3636.2756635562
-3638.93946774686
-3636.6912441682
-3641.06377003398
-3636.19050458733
-3636.19050458733
-3640.0278101296
-3636.51723226197
-3635.26046583042
-3635.92346814873
-3635.15587391063
-3635.59051230713
-3635.08921820457
-3635.76980309856
-3635.53859361419
-3635.86650886237
-3635.37244710011
-3634.40256608619
-3634.40256608619
-3634.40256608619
-3635.70875791526
-3635.53791560097
-3634.58868315565
-3636.49051642792
-3638.53307290996
-3635.70053582792
-3635.18737077289
-3635.34543081822
-3633.91570720177
-3634.70477121058
-3635.06671635333
-3634.99617514516
-3635.39639131374
-3633.76124280278
-3634.06767037717
-3635.79986612494
-3636.88183276194
-3632.94017691624
-3633.17013480709
-3633.66107266839
-3636.34025076468
-3636.0729677988
-3635.04595943682
-3633.61478835599
-3633.53377568937
-3634.48431485945
-3636.00586979265
-3634.61405846041
-3634.68515549806
-3634.93239316786
-3636.17443616923
-3635.10900017766
-3636.66180118101
-3633.23341795943
-3633.33394661786
-3632.92540298688
-3636.62816517311
-3636.34075921399
-3632.60308482701
-3635.14961382758
-3635.19634557136
-3633.76947552908
-3641.82823402418
-3635.48199824318
-3635.31644745657
-3635.80412308543
-3636.52898983072
-3635.25464837709
-3639.20551203841
-3638.23695438143
-3635.45781527255
-3636.15695271859
-3635.0065625083
-3634.84822967288
-3633.77454352031
-3635.80408137094
-3636.12701424706
-3634.81369134264
-3634.64237910517
-3634.20678476395
-3635.17996319941
-3635.86235686908
-3637.11161815968
-3636.61632176415
-3637.95866480025
-3635.25373167796
-3636.87691732296
-3636.64006214995
-3636.73154178284
-3634.30073221093
-3634.75771409109
-3633.91583777342
-3634.56920750572
-3637.65996360397
-3638.65972677591
-3638.82358598429
-3639.04681127062
-3639.04681127062
-3640.86772900168
-3640.86772900168
-3641.05622134738
-3637.24544817874
-3640.94740313024
-3638.03168175824
-3638.33785775797
-3644.43773738341
-3638.68287468797
-3638.07278314927
-3637.8136301464
-3638.77662665114
-3638.36600409915
-3636.69238360021
-3633.06135668062
-3633.2928302974
-3633.71974355464
-3634.32670747752
-3632.545535523
-3632.46716295198
-3634.49761783033
-3633.59691437018
-3634.13417453204
-3633.47967526551
-3635.49576863444
-3633.33368961795
-3633.33368961795
-3633.40391586283
-3633.96342188068
-3634.89497069218
-3632.88794415506
-3633.6986729478
-3633.74710746178
-3633.98291982504
-3633.95033398228
-3636.83894652855
-3633.52250619737
-3634.00268043772
-3634.9784785996
-3633.12719790042
-3635.13321479518
-3632.85769455471
-3633.50975057121
-3633.92480018912
-3633.76822139748
-3634.0430669331
-3636.36662849337
-3636.99196319835
-3635.1416797712
-3635.1416797712
-3634.98096572953
-3635.05653700106
-3633.26367784388
-3632.80525278711
-3631.35295502588
-3631.47239164597
-3630.64102814028
-3630.68783309283
-3630.62644236216
-3631.5723357733
-3631.97709908297
-3633.8001083475
-3630.58046151481
-3632.09660716304
-3634.15926212624
-3631.62713505008
-3633.40244683548
-3632.80497439667
-3636.25435277954
-3633.66081017423
-3632.62431023581
-3633.50562978978
-3633.03893749326
-3630.80846157758
-3631.37545696522
-3633.83986829105
-3633.7487514884
-3634.10063311336
-3634.10063311336
-3637.89412922048
-3637.88676681135
-3634.93366386221
-3636.47886711242
-3636.00234386987
-3636.57762845291
-3637.6227512541
-3637.79437528342
-3637.89749153752
-3640.64789869992
-3641.46438895327
-3639.87614040896
-3638.47642022517
-3640.47293441175
-3638.96819850159
-3636.38476734638
-3635.537268795
-3634.59976500478
-3634.59064014539
-3634.53318108928
-3633.08353635321
-3632.49802637377
-3632.2101463555
-3632.07987884786
-3633.166178596
-3630.96752346166
-3633.62490796969
-3634.50940495148
-3635.21382557063
-3634.73905003029
-3633.90583280933
-3633.21098676874
-3633.32343382094
-3633.73831822954
-3632.99469845196
-3638.6946470075
-3633.80232747244
-3633.80232747244
-3633.34913113589
-3634.64528892376
-3632.54363278729
-3633.63688235879
-3632.64587463544
-3632.93217196481
-3632.81411723078
-3632.25062399012
-3635.39937167823
-3635.38469124623
-3635.38469124623
-3636.89605359817
-3635.34364214351
-3635.71609566784
-3636.46738041367
-3636.65648819032
-3644.42864134513
-3633.63867726106
-3633.85125825999
-3634.29259697212
-3635.59621925365
-3635.04482485418
-3635.27094928892
-3635.60368164917
-3634.81096305179
-3634.01817149353
-3633.00021032594
-3634.20324953252
-3634.43498397801
-3633.61640384728
-3632.81381953431
-3632.82230315196
-3632.91440351417
-3632.96663294576
-3636.86857692091
-3633.3273272643
-3632.41044038343
-3637.02448923131
-3637.57532057686
-3638.64991902258
-3632.55453653435
-3632.8002295504
-3632.8002295504
-3632.10285170966
-3634.03824131204
-3632.76877440486
-3631.77854729831
-3631.56305060475
-3632.03163273024
-3631.32975356473
-3631.34313887613
-3631.36912041868
-3631.25833590713
-3630.9108857265
-3632.6232865242
-3631.46102214153
-3631.12573291266
-3630.89307631445
-3630.55171804168
-3630.55171804168
-3630.55171804168
-3632.01703519806
-3630.47893279961
-3631.80201662287
-3631.12995884687
-3631.69004468978
-3632.74971902799
-3639.46697455581
-3631.28719907086
-3629.97722759715
-3630.80291126796
-3630.73203647693
-3633.83370757445
-3630.95493481141
-3630.95493481141
-3631.73055793723
-3632.9202325787
-3635.00502349597
-3632.8345897641
-3632.2965171385
-3632.2965171385
-3632.9581802588
-3630.20702239583
-3630.57712291518
-3629.84578142323
-3629.58160205987
-3629.15123584205
-3629.15123584205
-3629.78493657016
-3628.97845286323
-3629.64382659904
-3629.6878584015
-3629.03368140074
-3628.71356170257
-3629.47851320678
-3628.29093959269
-3628.85027089835
-3630.17170932439
-3630.55090515924
-3629.62947741931
-3629.63921549559
-3629.34182306806
-3629.18019280928
-3629.46497063154
-3628.94054635187
-3628.94054635187
-3629.33408262572
-3629.46649577382
-3630.75387060706
-3630.831825461
-3630.07278470418
-3629.93889274175
-3629.72421360809
-3629.47807080571
-3629.36487580247
-3630.21097388403
-3640.25598825909
-3631.60562781105
-3631.71072227908
-3632.93260103954
-3637.53795013054
-3631.28614276179
-3632.0722325849
-3632.05047000845
-3633.89423374521
-3629.83395211931
-3631.47460218062
-3628.89820727894
-3628.91473574863
-3629.1126481306
-3633.13143655377
-3634.84684762873
-3630.19980477093
-3628.3619990673
-3629.04482194112
-3630.77046275718
-3630.64647890634
-3630.69543857856
-3636.98076661473
-3631.31133346054
-3629.66367313496
-3629.88390954207
-3630.00146141678
-3631.75678815599
-3632.83114153182
-3632.00312727972
-3632.27374174702
-3637.96445766396
-3633.34883666317
-3635.32889415549
-3632.84157787702
-3633.40272930216
-3634.05199306869
-3633.02694769392
-3631.66863036294
-3631.34601564874
-3632.35482575691
-3630.57398768878
-3631.40191320159
-3630.93051755884
-3632.42055605069
-3631.54898135155
-3632.09334900026
-3633.88941644464
-3634.40896628396
-3633.46468428737
-3633.80575780231
-3631.94631613282
-3631.92042980165
-3629.92892529481
-3631.32493548893
-3635.34125771837
-3632.53048889257
-3632.02747065197
-3630.46013526923
-3631.57088933016
-3634.99040426928
-3632.42095309364
-3632.49190074782
-3630.45558145448
-3630.60274480844
-3630.83057452279
-3628.2909133228
-3628.48377487137
-3630.19181985507
-3627.2199165481
-3632.4857626321
-3629.92489303759
-3630.83897521956
-3630.31137187717
-3636.67912363529
-3632.81638247463
-3629.86245020961
-3630.43504461584
-3632.00630930788
-3634.17206170911
-3631.67324636906
-3626.87984757487
-3626.87984757487
-3627.21776147729
-3627.61873369196
-3627.65426219609
-3630.53947429654
-3632.56379879239
-3630.39744316689
-3633.22335271419
-3636.33990058405
-3632.82936448563
-3631.71114037947
-3630.16210805811
-3630.16210805811
-3629.13540698175
-3629.13540698175
-3629.10028714056
-3629.63651871376
-3630.97783285874
-3631.26447689257
-3631.26447689257
-3628.88155015244
-3633.77591294432
-3627.83390181706
-3627.83390181706
-3628.35414858532
-3626.93967677967
-3627.08908161608
-3629.28647131513
-3629.63014397017
-3633.00891324334
-3629.67870442343
-3630.65208801232
-3634.37048842609
-3632.11454914387
-3638.4495361112
-3630.37795107958
-3630.37795107958
-3631.43432265201
-3632.2197930822
-3630.10319378879
-3630.17119196484
-3628.84400905254
-3628.82542112148
-3634.64798313722
-3631.07218836266
-3635.36328183282
-3633.53516512106
-3634.38927932215
-3636.52320560514
-3634.17934116176
-3630.82806742344
-3633.66556568369
-3631.14095203598
-3630.62090317136
-3633.67955931535
-3635.03746372131
-3632.77931234296
-3634.11655836015
-3633.86882377199
-3634.9657802351
-3635.23029336157
-3633.46737512373
-3633.83938361571
-3634.7063801786
-3634.84402405298
-3633.78394384997
-3634.12982450478
-3634.70975702419
-3634.28913416866
-3633.37481804454
-3632.30255185911
-3639.28817348749
-3633.18542039758
-3632.42833125952
-3632.30880783917
-3633.76485502398
-3635.20064875391
-3635.3465249894
-3635.27331497109
-3633.39416230201
-3633.33630202301
-3638.03724619917
-3633.27975539053
-3633.27478019752
-3630.78021905846
-3632.88336030311
-3632.10899951008
-3630.05610049024
-3629.28797953764
-3629.28797953764
-3629.2661977431
-3629.73219596584
-3629.47189731327
-3629.38123719745
-3633.01183259215
-3630.38691720107
-3632.66717019677
-3627.65429408552
-3626.86310115907
-3626.97527738657
-3628.03953550185
-3627.86090792875
-3627.21153453768
-3627.7275928523
-3629.24537092335
-3626.72947563533
-3626.50715399545
-3626.1057034908
-3627.78222951474
-3627.24752287073
-3628.30456476942
-3628.74142078182
-3630.29321510141
-3630.09974845607
-3632.29646221176
-3632.00966999636
-3631.23088718748
-3632.39292803947
-3632.41432745956
-3630.0168806828
-3631.77429412196
-3633.09607467641
-3633.60701218445
-3632.14249989683
-3630.7148659755
-3631.3714052948
-3630.8637746807
-3629.20665360359
-3628.25870186037
-3635.43785185638
-3628.25870186037
-3628.48924605208
-3627.93835747308
-3627.08781820481
-3627.92001201999
-3626.87153484421
-3626.86049050297
-3628.3020145777
-3626.54727666105
-3627.19634578653
-3627.19634578653
-3626.13287939191
-3626.20318457988
-3627.39097343641
-3628.0150757753
-3626.12534150034
-3627.50501112806
-3627.50501112806
-3628.53605926214
-3628.44209503225
-3627.91494781044
-3626.74111340391
-3627.91234426627
-3627.63065517799
-3626.10239181579
-3626.04222365732
-3625.76245999768
-3628.42091197385
-3629.21613296613
-3628.43329854878
-3628.1666253244
-3625.33111143801
-3624.50121083495
-3623.38821704875
-3624.08656056866
-3625.98234207402
-3624.89011548451
-3626.28309934393
-3624.68158326882
-3624.93022488723
-3623.4699423676
-3624.57396344651
-3624.29818655187
-3624.53046804903
-3624.48843634692
-3624.19381746258
-3623.42797686217
-3623.80805788045
-3624.27802863969
-3624.33205278371
-3624.22932125973
-3625.81332193443
-3623.45068545777
-3623.95645441305
-3624.78567790893
-3623.25876340176
-3624.14759482993
-3632.86857356987
-3634.10304317819
-3623.16602970611
-3623.67629383703
-3624.91436196343
-3624.78262433144
-3625.99928680435
-3625.7962958212
-3626.13217458158
-3626.7528227908
-3625.88229232086
-3625.27444657117
-3625.63845230941
-3624.59423815907
-3624.78462355449
-3625.91762692847
-3625.91762692847
-3624.61073001574
-3625.46248906409
-3627.15127868029
-3630.95401762358
-3631.56019776727
-3635.55920941062
-3630.62619137486
-3631.0356517249
-3630.61004284394
-3629.88910594214
-3630.05071899896
-3629.10939981077
-3629.55828042069
-3625.35471643565
-3625.56082614296
-3625.19553069976
-3625.35567452328
-3624.98196597867
-3623.69446034624
-3625.25294671521
-3624.09325650618
-3624.13514118881
-3623.64995035582
-3623.79886498133
-3623.79886498133
-3623.79886498133
-3622.85210073796
-3622.85210073796
-3624.66289330018
-3621.94253269107
-3621.94253269107
-3623.33951947031
-3621.25462606127
-3622.04544060713
-3623.87293397541
-3623.34631167362
-3623.34631167362
-3624.03476247175
-3624.20708269256
-3623.14846860138
-3623.59898437743
-3624.97833071821
-3622.70131124553
-3620.72862762998
-3619.8977322908
-3625.35192531811
-3621.90397952132
-3622.14851445419
-3621.36531525945
-3622.22027967166
-3622.64311730137
-3622.59682934664
-3622.80510425065
-3618.99406282222
-3618.98638754429
-3618.94667363873
-3619.70625738347
-3623.22234129329
-3622.55635065929
-3624.7528526587
-3622.34586747713
-3620.99848128001
-3620.22322964821
-3620.61280394407
-3629.78604892356
-3618.93765619659
-3623.82572080536
-3621.43522114335
-3617.87846583635
-3617.87846583635
-3618.28784751427
-3616.9810975707
-3618.76777351168
-3619.73751858484
-3619.17901058491
-3619.0379731378
-3619.0379731378
-3618.45091365655
-3618.17609122282
-3618.1816296742
-3618.1816296742
-3626.92394878504
-3620.02576958622
-3620.19980707017
-3620.00739837508
-3621.42425495224
-3621.10813871209
-3622.93436793114
-3622.31173192824
-3621.73157959019
-3622.24551682775
-3623.94969757246
-3622.95145966318
-3622.61863739209
-3624.34017408705
-3624.43574886036
-3624.43574886036
-3623.66595912503
-3623.66595912503
-3624.43839133539
-3623.43965924687
-3623.94947720619
-3627.75524564745
-3627.05749249808
-3625.47400451197
-3625.03968442163
-3624.09509902084
-3625.38741114433
-3625.11332761364
-3629.00486587676
-3619.34981511207
-3619.34981511207
-3619.34981511207
-3617.63889930232
-3617.63889930232
-3617.63889930232
-3617.63889930232
-3617.63889930232
-3617.60941022973
-3617.60941022973
-3618.33161982128
-3617.78771214588
-3617.7143351571
-3617.7143351571
-3617.7143351571
-3617.7143351571
-3617.7143351571
-3617.7143351571
-3617.7143351571
-3617.7143351571
-3618.12385461345
-3621.25405704442
-3621.65921068716
-3619.73749449902
-3619.73749449902
-3620.44590099307
-3622.78845757221
-3620.84857370357
-3620.84857370357
-3620.84857370357
-3620.95238256683
-3620.95238256683
-3620.95238256683
-3620.95238256683
-3620.00911328721
-3620.00911328721
-3619.69452971546
-3619.31390454829
-3619.31390454829
-3619.31390454829
-3619.31390454829
-3619.31390454829
-3619.31390454829
-3619.31390454829
-3619.55489562906
-3622.88115134659
-3622.12873094006
-3622.96593567839
-3624.84926390502
-3622.31228530261
-3622.72612952384
-3622.37120345607
-3623.37222633884
-3623.37222633884
-3623.7487330461
-3621.4316193974
-3621.73507868146
-3620.58835183733
-3618.9952269639
-3616.00056395756
-3616.22592067998
-3617.21405689688
-3615.78556535383
-3616.23390825031
-3616.47804241388
-3616.20547906041
-3615.75228871164
-3616.0221090598
-3619.00570648893
-3616.47026810296
-3617.22725137207
-3616.50301745946
-3615.59074199157
-3615.44032226743
-3617.97330034281
-3615.71839881857
-3615.42887345599
-3615.43535207635
-3614.57029096585
-3615.58261549546
-3616.08576301741
-3616.58403291144
-3616.00740786289
-3617.85354230862
-3627.62326921444
-3618.79156466215
-3619.26170009026
-3619.27184808948
-3619.85569127009
-3618.94387387033
-3618.94387387033
-3617.77609146476
-3617.11154946516
-3616.61157475227
-3615.58480820337
-3617.26827894922
-3617.35551436951
-3622.33214316054
-3614.9007618154
-3615.72924776947
-3621.77756411427
-3615.82481955666
-3616.06354143649
-3617.4179975279
-3618.35329133198
-3618.08040281363
-3617.06529469127
-3614.74660139853
-3615.74018555836
-3615.30984812462
-3613.28256231697
-3611.86700694758
-3613.03170214217
-3614.1017148147
-3612.899475371
-3615.05036695723
-3613.54752731976
-3613.54752731976
-3612.20823748727
-3616.73029078442
-3612.35154052466
-3612.45995213242
-3610.89541445637
-3611.07113192483
-3610.60720551765
-3613.08930851985
-3612.35223133686
-3611.45751284734
-3612.09029446174
-3611.83397621466
-3611.05069083335
-3610.34693222998
-3611.41375490831
-3613.01578226936
-3613.59497207903
-3615.57156578677
-3615.2754428903
-3614.57749138134
-3613.41455993614
-3613.03289219386
-3612.83454073701
-3612.83454073701
-3613.57031270795
-3613.23187810515
-3611.65241192086
-3611.91562701308
-3613.32112610948
-3613.49302211801
-3614.31486301251
-3620.71389508391
-3613.6601543868
-3613.6601543868
-3612.07146231812
-3613.20982340597
-3613.8859369385
-3614.91754870895
-3614.51138181094
-3614.42130315696
-3615.30733489712
-3617.08642066663
-3622.71870698629
-3612.49392220065
-3612.8803073346
-3612.92170019032
-3613.17356271971
-3612.3897460266
-3611.13901677934
-3611.34738824267
-3611.45538091614
-3616.91104627505
-3612.16425764747
-3612.63911302974
-3616.94553918053
-3614.29242387078
-3614.05795887568
-3614.60371964438
-3613.77675241025
-3613.6872247806
-3614.23061775064
-3615.25011245474
-3615.34207530366
-3616.50019584135
-3616.26702780651
-3617.76828911066
-3618.7939631356
-3616.45508013675
-3619.69732650012
-3617.8159400621
-3617.37303025793
-3617.84478681272
-3619.00006610718
-3619.17871050151
-3617.62787244627
-3619.60776223961
-3619.71578804944
-3620.38116111921
-3619.93825429072
-3621.99592230871
-3619.46491522815
-3614.83853837432
-3615.46099495464
-3615.80663887304
-3616.07691059885
-3616.78482814736
-3615.608731955
-3614.08461163955
-3613.43147248702
-3612.98876007709
-3614.65552155264
-3614.48806971332
-3614.67549838252
-3616.14544580971
-3615.77283028181
-3616.32825705658
-3617.59881747661
-3617.91051679219
-3618.25134267332
-3618.10669268589
-3620.98340879989
-3621.02105836294
-3621.36066014143
-3620.55133768127
-3619.35678864851
-3617.45689497123
-3616.67398609131
-3617.86896899291
-3619.67418591331
-3620.2212902481
-3618.37987648428
-3620.8362926439
-3617.62936993143
-3618.54011664017
-3618.48952889983
-3618.99854160216
-3614.58946506495
-3612.84915205369
-3613.1773182517
-3611.74032075521
-3612.28385308024
-3612.56547508093
-3612.43397108498
-3612.43397108498
-3612.65307505561
-3613.25387218911
-3617.50674354352
-3614.1984355649
-3615.55245502831
-3613.3408993159
-3612.86236915388
-3612.47197436137
-3612.78128207074
-3613.62498899057
-3613.62498899057
-3613.62498899057
-3614.25624066464
-3613.65294347812
-3612.31845978545
-3612.05271994983
-3612.35778940908
-3613.37068413403
-3612.48194657513
-3612.02671951943
-3612.4900900112
-3612.4900900112
-3613.34418680671
-3612.25790429836
-3611.61367142367
-3611.96566929927
-3613.18853841373
-3613.40238455332
-3612.55950433944
-3612.86130870572
-3614.40984474014
-3614.25526732291
-3613.86189415155
-3612.42062917604
-3611.90675994357
-3611.15332510189
-3611.04325643959
-3611.89201167843
-3610.87545505773
-3611.5094504023
-3611.69011414339
-3612.49056985633
-3612.49056985633
-3625.2340624706
-3611.04987006721
-3612.35126153842
-3612.35126153842
-3610.62843908358
-3610.32567030618
-3611.09244008079
-3612.05210789693
-3610.47295593229
-3610.2245945102
-3609.61330612227
-3610.54787921342
-3609.48809736463
-3609.75423562001
-3610.08192363976
-3610.08192363976
-3610.46507910678
-3609.52847005645
-3610.00421233467
-3608.87315943977
-3609.10885562339
-3609.9115578406
-3610.42340594572
-3611.52694147147
-3610.91893581648
-3610.41328078271
-3610.59685621405
-3610.92594636044
-3611.36189119608
-3611.36189119608
-3614.48744656845
-3614.31663579228
-3613.86004349568
-3613.42402697923
-3613.50410902152
-3613.84249061078
-3615.36998012227
-3615.36998012227
-3619.27048071428
-3615.85750946497
-3615.85750946497
-3616.02569781699
-3614.36683541388
-3615.1759192235
-3614.4656417303
-3615.33040693161
-3617.26106329075
-3616.66351374386
-3616.58815155132
-3616.13006333086
-3614.78184753417
-3614.57936383331
-3615.07672304033
-3613.95168998984
-3610.95806894291
-3612.29994891181
-3612.09509653852
-3610.91210440808
-3610.26926900731
-3610.26926900731
-3610.61009942708
-3610.44284139416
-3610.44089194406
-3613.08144258154
-3613.08144258154
-3614.00753740059
-3614.00753740059
-3618.34998922276
-3613.34656106295
-3613.05261458325
-3612.15536540018
-3613.48171944804
-3615.40068177361
-3611.41331327239
-3611.2836237574
-3611.2836237574
-3609.80248196216
-3608.93605684324
-3610.06924295523
-3608.51515452813
-3608.1732309877
-3607.93891702981
-3607.93891702981
-3609.22221858205
-3608.0832664032
-3608.81107696648
-3609.67602007993
-3609.45029480927
-3609.86882462977
-3610.1653764536
-3610.1653764536
-3610.39313239562
-3610.10523548185
-3610.96625233134
-3610.15700991392
-3612.57182573845
-3609.2243365325
-3607.92630444929
-3607.89640702328
-3606.95873258898
-3606.51217877375
-3605.98828683239
-3605.9386720442
-3606.0384851947
-3608.2202369766
-3607.41677841727
-3607.83233764364
-3605.62543383976
-3604.18589347177
-3604.18589347177
-3604.18589347177
-3604.18589347177
-3604.79320652675
-3604.79320652675
-3604.83179653139
-3606.24925892213
-3606.24925892213
-3605.87275376764
-3605.01685932829
-3606.31694478822
-3605.531866465
-3604.71248418812
-3606.2492981951
-3606.34311508456
-3605.60218990563
-3605.98923336691
-3605.78131800537
-3607.20621241145
-3606.75957111397
-3606.53994396696
-3606.81221710248
-3607.51080891706
-3610.28880534442
-3608.07951597905
-3608.98639274184
-3609.78501380195
-3609.5633913779
-3618.27092166883
-3606.48085839819
-3607.77498259648
-3608.60859493541
-3606.97932279792
-3606.74668143541
-3607.70026937761
-3608.39069088324
-3608.7256322341
-3608.7256322341
-3608.21548208885
-3608.51740766132
-3609.69354314224
-3608.43910356076
-3606.91425270343
-3606.59878584659
-3606.5982741474
-3606.6087113161
-3606.01822311909
-3605.49693376689
-3607.42569201277
-3615.97774863711
-3606.86448424413
-3606.90338300386
-3606.90338300386
-3606.88511452095
-3606.88511452095
-3608.75111420092
-3608.52025952753
-3608.29748408325
-3608.29748408325
-3609.65351223083
-3609.00227209433
-3609.57889586728
-3611.04842002209
-3611.75515698674
-3610.70335959273
-3608.69413357996
-3609.40142698375
-3609.52971612918
-3609.22836480113
-3610.13894001026
-3611.11839970045
-3611.11839970045
-3609.13793088978
-3609.79740345243
-3610.24270407618
-3611.32957800783
-3611.32957800783
-3611.76926318575
-3610.81389859773
-3610.6633951865
-3611.33890711329
-3611.0168587942
-3611.27702173187
-3611.42616573503
-3611.01714244509
-3611.01714244509
-3610.07131374479
-3610.07712048816
-3610.19590078595
-3611.30812998145
-3611.0722122243
-3610.90083426716
-3610.90083426716
-3611.90003365357
-3614.60736327573
-3612.22924603998
-3614.19189984141
-3614.55367719492
-3613.07413851272
-3612.5848764635
-3613.1005764283
-3612.80706747655
-3613.1480137128
-3616.7337630855
-3616.7337630855
-3611.40724203284
-3616.7337630855
-3611.46017159047
-3610.58617958493
-3610.58617958493
-3611.93157440992
-3611.89013951125
-3610.71298430408
-3611.88603235448
-3613.43506106772
-3611.24250960699
-3612.4379995855
-3611.72811232791
-3610.9621482006
-3610.80389788845
-3610.80389788845
-3609.59980184993
-3608.68864512201
-3610.75133746899
-3609.3571872938
-3612.07993348945
-3610.18269955684
-3610.44827164746
-3611.15752103208
-3609.25647821857
-3609.52496779314
-3618.5604871433
-3610.5947770198
-3612.89122506922
-3611.6330202805
-3610.92325476856
-3610.13995091845
-3609.40651819241
-3609.82171330203
-3609.72556966185
-3609.00382394881
-3609.62259851729
-3609.82641034871
-3611.47536285703
-3610.50829794133
-3609.47802840904
-3612.69469281071
-3612.66363191487
-3611.85810511504
-3613.1110616482
-3613.97529580161
-3611.16621407912
-3610.58188224483
-3610.48320233843
-3616.20568169273
-3616.20276798098
-3612.81731230983
-3612.17409364438
-3609.95221173746
-3611.49939642763
-3611.34872261725
-3611.36528171138
-3610.53013619826
-3610.17245696453
-3610.42939933304
-3609.87803177551
-3611.58845385937
-3610.42264455353
-3615.52143397176
-3610.84197779929
-3610.72040780873
-3611.50443398842
-3612.33404423242
-3613.83319998824
-3614.20792579146
-3614.22358819453
-3612.64012865671
-3620.54765186579
-3613.68391084838
-3615.34137605594
-3618.22454330058
-3613.64630394806
-3613.0887748995
-3614.30634672229
-3614.51840382892
-3615.86401988032
-3614.87166999091
-3613.85207341354
-3612.78575384929
-3614.67307885133
-3612.71479990999
-3612.77686502065
-3613.67863780237
-3618.00357886065
-3613.29983933207
-3620.19925201247
-3614.09740613957
-3614.02091276927
-3613.39080198087
-3616.84932929803
-3616.84932929803
-3612.30339584139
-3614.2739264055
-3612.27418695149
-3615.89730868262
-3612.46813089264
-3612.29684916484
-3616.30509001655
-3614.3917977113
-3614.72344781283
-3614.35796907089
-3613.48772235253
-3616.42331553055
-3613.48772235253
-3613.5177922232
-3613.27221075488
-3613.99552644953
-3610.60701893969
-3614.88921531696
-3614.98963882613
-3612.11562220709
-3612.77105689168
-3611.97100502008
-3609.95728830727
-3610.37143227152
-3612.01790169737
-3611.96295669628
-3613.50256894756
-3610.55165407609
-3610.57082851429
-3609.96456573393
-3610.90507593792
-3610.49113680882
-3609.41804980579
-3609.11924617707
-3609.11924617707
-3610.41133430013
-3608.96111519571
-3607.95790225348
-3607.95790225348
-3608.03279083638
-3608.2431424787
-3609.44899356321
-3610.40002294829
-3609.83531493437
-3609.83531493437
-3609.77812737082
-3610.4893571962
-3610.45877097906
-3610.66601093047
-3610.42961720925
-3609.63980413611
-3611.22161756611
-3611.75234722213
-3611.88307063991
-3612.07836081212
-3612.46654894644
-3610.8050242143
-3610.19884540173
-3609.66331252907
-3608.85396344844
-3608.98892135212
-3609.5579482596
-3607.23061716059
-3607.23061716059
-3608.933200275
-3608.933200275
-3610.1729681539
-3612.13199617515
-3617.15238713939
-3610.67448784851
-3612.91750737906
-3611.29626012886
-3616.76877798405
-3613.91440030336
-3614.53205020429
-3614.4846138091
-3612.63536726547
-3612.5893995596
-3611.12160114296
-3617.06597599524
-3612.43752456481
-3615.38164468716
-3613.19488039116
-3612.8438305268
-3615.87492105649
-3612.62242893067
-3612.40341983614
-3612.01202252452
-3609.04919866121
-3609.32608946536
-3610.06466673548
-3610.11552094707
-3609.58732177439
-3610.26373085372
-3611.17430240944
-3609.96928204358
-3609.96934845708
-3609.83976401925
-3608.19526021556
-3608.38432614939
-3608.38432614939
-3608.16550579703
-3609.07531063891
-3608.35916933828
-3608.94425368167
-3608.21101980423
-3608.38298155868
-3607.19518135101
-3606.44363365511
-3606.37777876063
-3609.99063302839
-3609.32288807258
-3608.60292226025
-3609.3642508341
-3608.39116101002
-3607.6080162129
-3607.64908600713
-3608.33926711357
-3607.63472593831
-3608.66466789468
-3613.17821268054
-3609.3329130982
-3608.30107999086
-3608.01129780665
-3608.4239250471
-3609.32998602158
-3608.69520270873
-3609.89308977918
-3608.4733226928
-3608.27148449646
-3606.52497267701
-3606.52497267701
-3606.88014506023
-3606.88014506023
-3606.88014506023
-3608.0775420292
-3608.0775420292
-3617.28612836441
-3607.47918214553
-3608.40718377128
-3609.12996575192
-3609.00729207752
-3608.33065214336
-3608.2885908897
-3608.46378251234
-3608.16973573863
-3609.4822680541
-3614.13077800931
-3614.13077800931
-3608.90645927085
-3610.20293936783
-3608.77256004511
-3608.10116158192
-3608.613725585
-3611.34699424977
-3608.14943697522
-3608.47419222131
-3609.6043452721
-3608.63998625682
-3608.82502011565
-3610.49377179927
-3611.60047826136
-3610.13673833611
-3609.82169572562
-3609.46892207137
-3610.35038788921
-3609.10302469581
-3609.10302469581
-3611.20763693706
-3610.53720901419
-3610.81886382014
-3610.81886382014
-3609.55659481136
-3607.47308325236
-3607.60872428663
-3609.5699943534
-3610.20618227355
-3608.9367860437
-3609.34245750869
-3608.78529449394
-3609.08481502894
-3608.49475013244
-3614.53749824215
-3609.69195062098
-3609.2257065862
-3609.24269238749
-3615.97192856709
-3608.68408465023
-3616.6925954972
-3607.53183548568
-3609.25081672027
-3607.56947508634
-3606.83793950595
-3606.83793950595
-3608.32500415592
-3607.9027939789
-3607.94374143697
-3607.29145005994
-3607.25896504721
-3608.01831285665
-3608.77289106783
-3609.96657036616
-3609.26939080564
-3609.26832150801
-3608.90694332963
-3608.39419009663
-3607.11130838035
-3607.04031132448
-3607.85833393303
-3608.93667168946
-3607.43385321033
-3608.2676514812
-3607.78183089803
-3608.48813993751
-3607.91364196934
-3607.64851814429
-3607.89692499761
-3607.50827174858
-3607.50827174858
-3607.8166636977
-3607.42713510365
-3608.51037927557
-3608.93897190759
-3608.89167745365
-3609.13615163548
-3609.08943623479
-3610.46844067824
-3608.55733431701
-3609.1899147169
-3609.10519249854
-3608.27961073595
-3608.09961601867
-3607.01225096696
-3608.57523588789
-3608.04050161902
-3607.48997912395
-3609.22972312756
-3607.49834952984
-3609.25903629993
-3607.86182634154
-3607.86182634154
-3607.73370346085
-3607.76061693197
-3605.74722013768
-3605.74722013768
-3605.85116825649
-3605.85116825649
-3606.60370731791
-3606.05966562025
-3605.63798602738
-3605.5479608583
-3605.5479608583
-3608.87218340528
-3606.26879915026
-3606.60265759721
-3606.60265759721
-3606.60265759721
-3607.59710287269
-3606.54028328858
-3606.40740775246
-3606.32814200845
-3606.32814200845
-3607.05752097038
-3607.05752097038
-3608.19866916368
-3609.33010787442
-3609.33010787442
-3608.71000321414
-3608.46645891188
-3609.088604851
-3609.07543955434
-3607.88722164103
-3608.56601558459
-3608.10446212916
-3609.03026790424
-3609.6378034069
-3609.6378034069
-3609.72813494003
-3609.54059174685
-3609.18253475403
-3610.52686457753
-3609.36442867346
-3607.21849994332
-3607.1426727187
-3608.15353066802
-3607.21642500155
-3609.11790216181
-3611.22323859918
-3611.16710751653
-3608.23530419089
-3607.88422763201
-3608.27187835814
-3610.51243311231
-3607.66203247856
-3607.66203247856
-3607.28479631447
-3606.45839843502
-3606.45839843502
-3606.49668771097
-3606.77474400462
-3607.9545543431
-3606.84855253217
-3608.45490183931
-3608.84809719949
-3614.05854667641
-3608.35204331794
-3608.05731663077
-3609.0229331348
-3608.00930469668
-3608.39528879452
-3606.5504403652
-3606.5504403652
-3607.64802229346
-3607.97107881375
-3608.1008949296
-3608.08029886705
-3607.32204417486
-3608.92375372953
-3607.00888546172
-3610.06886429041
-3607.62121285183
-3607.79758898442
-3609.21500100116
-3610.90152752545
-3609.77307723256
-3614.67334437081
-3610.83196460976
-3609.64950552113
-3609.83598360471
-3609.09763002997
-3615.35874326906
-3612.04888351766
-3614.71369587652
-3611.36983928533
-3612.15635929318
-3608.90430061342
-3607.94152263908
-3607.76823529826
-3608.13566562034
-3608.54120737725
-3609.34253370389
-3609.2783696669
-3610.47162602599
-3610.75782104573
-3610.54296985969
-3610.6195525609
-3609.46546077364
-3608.51769969129
-3608.64106099391
-3615.56582312834
-3607.88762981754
-3608.12311359144
-3607.61209442286
-3607.61209442286
-3607.17070306915
-3608.28248129589
-3608.47389830265
-3609.45495009546
-3610.03006678769
-3609.20527056164
-3608.23306681189
-3608.80455482879
-3608.89367382099
-3610.01937444719
-3609.26687751585
-3607.80396286436
-3607.29705989881
-3608.94853435567
-3608.61265772806
-3607.28356703115
-3607.28356703115
-3606.9458942927
-3606.9458942927
-3607.91086769491
-3607.91086769491
-3608.43451520228
-3607.8103312053
-3607.79986240206
-3608.25593361234
-3608.02405702719
-3607.72002901811
-3607.60992992249
-3607.32180840413
-3608.02525317894
-3607.67354376255
-3605.82009557755
-3606.20770776865
-3606.97218564251
-3607.59484831017
-3608.10755365176
-3610.00321619424
-3608.66752222651
-3606.51799635032
-3606.21728672745
-3609.64984561973
-3608.6162547605
-3608.16103611992
-3607.12327286904
-3607.12327286904
-3609.68744553043
-3609.06986255487
-3609.06986255487
-3609.3402166579
-3607.49062446536
-3607.54514932995
-3608.62207661478
-3608.62207661478
-3608.67397870564
-3610.15951812124
-3610.02722615214
-3610.36789867262
-3611.41994463411
-3610.21727085836
-3609.37220392603
-3611.28595731727
-3610.07257905461
-3607.51227083445
-3606.84310728185
-3609.02131309647
-3607.47722719609
-3609.75482664287
-3611.70238580902
-3610.8769150901
-3615.49174306625
-3608.13870391938
-3611.78761295461
-3607.96141920435
-3608.55006287827
-3608.09110202774
-3608.38998870043
-3610.54909413839
-3613.77599536762
-3609.87225104334
-3609.54194466071
-3607.47246802782
-3606.5657313647
-3606.72661107556
-3606.29020342848
-3606.98416975201
-3606.58891778623
-3605.50538813515
-3607.7020218981
-3606.58564485254
-3609.82277401261
-3607.25096030598
-3611.1508632848
-3608.16395050864
-3608.23055777614
-3607.6627666969
-3607.67709436504
-3608.99390839116
-3614.12789076438
-3612.87304538302
-3606.84712513316
-3606.73059692178
-3608.09090959905
-3608.04048798579
-3609.33775505221
-3609.21799062181
-3609.40415001404
-3609.12791715209
-3613.61071511877
-3610.00112377452
-3608.98296683577
-3615.65327964853
-3609.88050338988
-3610.59634308853
-3613.50949831612
-3608.97144358846
-3608.78835170166
-3606.61658095481
-3606.61658095481
-3606.51478766724
-3605.74577946166
-3607.52599183056
-3605.42971005908
-3612.95406478869
-3605.97029556884
-3605.36098996298
-3609.54201457774
-3610.87052469224
-3612.09335423506
-3608.70228389624
-3604.96441789826
-3603.99789750039
-3604.67773329027
-3605.7555702204
-3604.81109331542
-3604.94959725648
-3606.73932528835
-3604.83318447879
-3604.51832272112
-3603.57093505374
-3603.84146520491
-3603.84146520491
-3605.61937458258
-3605.3054965897
-3606.08119828633
-3604.99027758374
-3604.99027758374
-3604.8722290076
-3605.18213981933
-3605.24489433993
-3607.20516903047
-3606.44150869151
-3607.23438141639
-3605.52919465292
-3605.69590264147
-3606.20385485819
-3604.91962341978
-3606.11260163156
-3607.05397244256
-3606.91241070481
-3607.97792257341
-3607.97792257341
-3608.35199390727
-3612.85917627797
-3611.65024415901
-3610.70880319422
-3615.95734008943
-3609.95536617328
-3608.49676408596
-3608.37960155333
-3608.26242138384
-3608.26242138384
-3609.06431320799
-3609.65383752058
-3611.64813062431
-3615.42075811821
-3613.54062292561
-3613.80350908972
-3609.12537282042
-3609.24138162256
-3609.59127576768
-3610.19568680038
-3610.82172554337
-3610.82172554337
-3610.74988896431
-3610.74988896431
-3611.09788927416
-3611.96127932176
-3607.63178546567
-3607.71279093535
-3608.58067890242
-3607.2268561211
-3607.40063770713
-3607.16283331548
-3607.55809211541
-3605.62276069611
-3605.67391919049
-3605.67391919049
-3606.64527756057
-3606.64527756057
-3606.64527756057
-3604.80222163259
-3605.25397908533
-3606.34558578539
-3607.71672131821
-3606.85734216518
-3606.69827215269
-3606.24762641702
-3607.87342874377
-3605.06010599792
-3605.06010599792
-3605.91169040539
-3606.45094660573
-3605.03718248863
-3605.03718248863
-3606.58631245625
-3606.33554170889
-3613.00339060126
-3608.35505607048
-3608.7298401533
-3608.64753986825
-3608.62156176422
-3608.90265583409
-3609.37540532093
-3609.92957538098
-3608.07566008941
-3607.71090731768
-3607.46074850205
-3607.85668572989
-3606.55203074549
-3607.51817453987
-3608.79659410794
-3606.90830619063
-3608.12125903708
-3607.16478909355
-3607.11426951253
-3605.79441400457
-3604.9939379416
-3604.59349524531
-3607.14199861422
-3604.90271329811
-3604.77197296171
-3603.71053304673
-3606.30009892787
-3606.89533111693
-3608.68963685129
-3609.32704789782
-3609.62070016433
-3606.34052388878
-3606.34052388878
-3606.62017244646
-3606.70231030616
-3609.48602503393
-3609.45810252751
-3609.18941392009
-3609.34135577559
-3609.64489319096
-3604.96363717406
-3604.51518233337
-3606.50750914146
-3606.01471757958
-3606.38115748244
-3606.84098016746
-3607.32920539668
-3607.92854372393
-3606.71827090012
-3607.12224866961
-3609.53410147602
-3607.67436194741
-3614.87196333533
-3605.76496029537
-3607.68367398123
-3607.58065475011
-3604.87850484395
-3604.92581500073
-3606.55306575184
-3605.52222071274
-3605.61782669112
-3605.43288817169
-3606.330175637
-3605.93021934846
-3605.93021934846
-3606.77950051324
-3612.4997868404
-3610.1249521029
-3611.61658031452
-3605.68076418623
-3608.39509765327
-3608.80957217105
-3608.52605887173
-3610.8587155386
-3613.26855704696
-3611.56185753423
-3611.56185753423
-3614.35683693222
-3610.77653994218
-3611.88740575483
-3611.36352480459
-3610.83407405774
-3610.83407405774
-3610.12220178012
-3610.32826072834
-3611.61785278934
-3609.58484231626
-3609.68101250343
-3609.66494434517
-3609.77791595559
-3610.26306902461
-3610.54731166325
-3611.58983615805
-3608.20475042073
-3609.19781394483
-3607.20952246966
-3609.84066224858
-3610.07896587758
-3610.43281659054
-3610.41275814962
-3611.6407571034
-3610.88548485306
-3607.50645897369
-3608.50975248397
-3608.50975248397
-3608.05282562256
-3607.30355087765
-3613.43143776265
-3611.09581636054
-3610.95048129713
-3614.12372712657
-3610.81009166765
-3613.68384562669
-3610.01936513535
-3615.60436733587
-3610.01936513535
-3608.77623292253
-3608.77623292253
-3608.82170055498
-3607.79189955185
-3608.94488678458
-3611.13631902479
-3611.7564428061
-3612.03819352165
-3611.81277031601
-3610.77645221181
-3616.11387772764
-3609.31587629958
-3610.48307002203
-3612.62600218402
-3612.62600218402
-3612.57858875544
-3610.02924114438
-3610.788746536
-3609.48779234843
-3610.17412314868
-3612.02370353699
-3610.40908459271
-3610.40908459271
-3609.26207700632
-3608.19528270112
-3609.01353963848
-3608.75799130209
-3606.50872335648
-3610.56932596611
-3609.6996904583
-3606.63411106057
-3606.7112968857
-3610.94379434729
-3612.86251913369
-3609.80178726343
-3614.79020904225
-3612.01570759524
-3609.46105459533
-3609.64011765518
-3609.64011765518
-3609.64011765518
-3609.77177695993
-3608.88742484501
-3608.29893589981
-3608.29893589981
-3608.29893589981
-3618.38918939151
-3609.08583323597
-3609.08583323597
-3611.88584371756
-3610.93592627861
-3612.38909856264
-3612.98702528631
-3611.8705064832
-3611.1525946624
-3611.1525946624
-3611.91044452751
-3611.91044452751
-3611.91044452751
-3611.79349928068
-3610.98515586966
-3610.98515586966
-3611.27590180749
-3611.50682711129
-3611.50682711129
-3611.70067714058
-3612.60085304458
-3610.91794527483
-3610.46164384837
-3609.87689438756
-3609.67386713503
-3609.87689438756
-3608.47743490056
-3610.45690074331
-3609.54556091111
-3611.59620292612
-3610.13015581853
-3611.32994927612
-3608.98887135288
-3609.53848628859
-3615.01878219998
-3614.98587601358
-3611.95664753307
-3611.95664753307
-3614.23008336658
-3612.29683635043
-3614.71179700044
-3608.97491118146
-3612.29683635043
-3612.29683635043
-3612.03817195659
-3610.59675445891
-3610.54179164613
-3611.44623881004
-3609.87062525399
-3610.82767873369
-3610.96448506995
-3610.96448506995
-3612.78213975168
-3612.76599885692
-3614.41913597898
-3614.42272779704
-3612.12255165475
-3614.55433114778
-3612.84057270009
-3612.86298189657
-3615.08138700661
-3612.33339733321
-3610.41491561499
-3610.71388404622
-3608.50037644515
-3608.02423335792
-3607.09781029132
-3607.09781029132
-3607.00926622848
-3607.00926622848
-3607.46294013003
-3607.99243409415
-3608.93508051332
-3607.98157332062
-3608.44996921209
-3609.2040088922
-3609.2844786306
-3610.44095184083
-3612.78755622884
-3614.62776278111
-3609.7664333763
-3610.53761093777
-3610.53761093777
-3608.85445576481
-3609.25053121292
-3614.35490661459
-3619.89745183642
-3619.89745183642
-3612.89924653244
-3612.89924653244
-3611.68467968928
-3611.68467968928
-3611.42770619126
-3611.42770619126
-3611.92465179397
-3612.44927233913
-3617.49777251331
-3612.44927233913
-3612.77946186274
-3612.77946186274
-3615.60780223103
-3613.79167950389
-3613.79167950389
-3613.79167950389
-3613.87435200121
-3616.60673454871
-3613.61106347158
-3613.61106347158
-3614.73576964943
-3613.47296056474
-3615.11352021023
-3613.63299045485
-3611.01580489016
-3611.01580489016
-3607.38474323756
-3607.66902697788
-3608.63396921103
-3610.98555859959
-3612.32338278616
-3609.02016134521
-3607.81781931413
-3604.62575371795
-3606.95158028437
-3604.30779477326
-3604.30779477326
-3603.9621917699
-3603.9621917699
-3604.65041249069
-3606.28492157952
-3606.28492157952
-3606.28492157952
-3606.43205744076
-3605.64235475587
-3605.64235475587
-3605.85254280197
-3607.81542852481
-3605.85254280197
-3605.85254280197
-3609.55509494827
-3606.97577500199
-3606.97577500199
-3605.03989745216
-3607.42934423869
-3608.1846710803
-3607.27463507389
-3605.90303001262
-3601.75497275217
-3603.44024445112
-3602.89947277748
-3600.86953497821
-3596.98890324484
-3596.66169779472
-3596.95454187958
-3595.87828939803
-3597.08064258087
-3597.21464708785
-3593.46008206006
-3594.61745774104
-3595.14481958013
-3595.14481958013
-3595.33493375177
-3597.32880062771
-3596.0935678895
-3596.39575111116
-3595.23385835904
-3595.23385835904
-3594.55977919788
-3599.04789312845
-3595.36449960974
-3594.71312818761
-3595.57223314315
-3593.86627028638
-3593.72492388308
-3595.14137146698
-3599.80565731949
-3593.73006454956
-3595.9512744989
-3595.09086030166
-3595.1195107056
-3593.92395880209
-3596.54940340313
-3594.93631253232
-3596.0072728535
-3594.02258735398
-3593.13192109435
-3593.4458080184
-3593.22435121806
-3593.28838117058
-3593.94228343124
-3594.50310375011
-3594.95188065687
-3596.11996289604
-3595.66770085517
-3595.33620209723
-3595.33620209723
-3595.33620209723
-3595.33620209723
-3595.34847443171
-3595.06908164705
-3595.06908164705
-3594.32101779049
-3594.5606106378
-3594.00112374878
-3593.76033745667
-3593.17651341744
-3592.96979377845
-3592.96979377845
-3593.45019384105
-3592.91188308173
-3593.44787956464
-3592.56465567713
-3592.99836981941
-3592.38641726633
-3593.99948528469
-3593.56472806149
-3594.73469757393
-3595.63993059997
-3593.01193324504
-3592.3565370138
-3599.83175669983
-3593.17050437054
-3592.09572536079
-3592.09572536079
-3592.59847065864
-3592.59847065864
-3592.20674690861
-3592.45116152611
-3601.09771624984
-3592.4757756932
-3592.94132783934
-3594.03971654961
-3594.736981567
-3598.57488094407
-3600.49488957956
-3599.70184666494
-3599.70184666494
-3603.55578656209
-3598.55053249291
-3595.99644702508
-3595.52128771547
-3592.76018687371
-3595.63828262186
-3593.77239656277
-3599.62663539191
-3595.55915955259
-3600.05175837489
-3600.05175837489
-3601.8865665983
-3593.87301592109
-3593.59687055011
-3595.94044203406
-3597.63188631376
-3597.17583777382
-3595.55502504729
-3596.46621085442
-3600.61685832508
-3597.10207826506
-3596.85613751777
-3596.88184747109
-3599.99787533934
-3601.41268712665
-3596.12750628406
-3596.12750628406
-3596.12750628406
-3596.12750628406
-3596.12750628406
-3596.95172548217
-3599.01275957554
-3596.23214009348
-3595.97710859114
-3596.31477541827
-3599.51458902184
-3596.84112736781
-3598.29764240932
-3598.29764240932
-3598.29764240932
-3598.57504631608
-3600.02405045859
-3597.77816716321
-3595.92552995478
-3594.442437757
-3594.442437757
-3596.47330971
-3594.442437757
-3596.47330971
-3594.5881276504
-3594.5881276504
-3595.59072531449
-3595.59072531449
-3596.26735656342
-3598.38251732128
-3600.02649262389
-3596.26735656342
-3595.65235440219
-3597.57213925657
-3595.92602502423
-3598.11730164091
-3595.82317571728
-3593.38239891885
-3594.75895089447
-3598.34003304883
-3594.55671944405
-3594.63058648427
-3594.63058648427
-3594.63058648427
-3594.63058648427
-3593.23374316004
-3592.54853266954
-3592.54853266954
-3592.75526728543
-3592.75526728543
-3592.75526728543
-3592.75526728543
-3592.75526728543
-3592.75526728543
-3592.75526728543
-3592.75526728543
-3592.75526728543
-3594.46572548119
-3593.62740252796
-3593.39225053568
-3594.78768202944
-3594.29193550844
-3594.29193550844
-3594.29193550844
-3594.29193550844
-3594.44471967888
-3594.12272978038
-3594.66604693908
-3595.65021926323
-3596.62490737151
-3593.15865672008
-3593.15865672008
-3593.15865672008
-3593.15865672008
-3593.15865672008
-3593.15865672008
-3591.95232770697
-3591.95232770697
-3593.20447639269
-3593.75769370148
-3598.44626572126
-3596.93332731276
-3596.93332731276
-3596.28816443132
-3596.28816443132
-3596.28816443132
-3598.91689354578
-3598.33062515448
-3596.19506304149
-3600.25871326008
-3596.19506304149
-3596.19506304149
-3599.5848439946
-3596.19506304149
-3594.35713357288
-3594.35713357288
-3595.86247318405
-3594.49938517024
-3594.49938517024
-3595.26558794949
-3595.26558794949
-3595.26558794949
-3596.11189450706
-3596.11189450706
-3596.11189450706
-3595.43951803274
-3594.19201959175
-3594.19201959175
-3598.46557237447
-3593.53899430401
-3593.19338974979
-3594.14433937566
-3593.19557578747
-3595.30671971318
-3595.3665418408
-3600.52018849631
-3593.06357656503
-3593.72866581568
-3593.07026354887
-3592.7238113187
-3592.7238113187
-3594.92908727317
-3594.15054627346
-3594.15054627346
-3596.14655782255
-3593.75854620987
-3596.12988597888
-3595.75785731304
-3595.25038728106
-3595.25038728106
-3595.25038728106
-3595.25038728106
-3595.25038728106
-3596.19205159934
-3596.19205159934
-3593.66064378635
-3593.89735448792
-3595.5426491831
-3595.5426491831
-3595.5426491831
-3595.5426491831
-3595.5426491831
-3595.5426491831
-3595.5426491831
-3595.5426491831
-3594.01906913562
-3596.63831966869
-3594.01906913562
-3601.6220512106
-3598.43409182112
-3596.25999419059
-3596.60957793584
-3595.59583155332
-3598.00336987482
-3598.00336987482
-3596.82942901542
-3596.82942901542
-3596.82942901542
-3596.28803067709
-3596.28803067709
-3594.73213901952
-3596.41249881591
-3594.68261376394
-3599.30972637167
-3600.34774569939
-3594.61109912423
-3600.34774569939
-3598.58182831803
-3598.89902460199
-3595.43725565181
-3598.89902460199
-3594.40120391619
-3594.40120391619
-3594.40120391619
-3594.40120391619
-3594.40120391619
-3594.40120391619
-3594.40120391619
-3597.68913065543
-3598.08962503734
-3592.7704574137
-3598.08962503734
-3591.84624232882
-3598.02928952306
-3591.20994218206
-3591.1563536603
-3591.1563536603
-3590.92053421218
-3591.21558921365
-3592.67839378243
-3591.89893920317
-3591.89670844643
-3591.89670844643
-3591.89670844643
-3592.39979826525
-3592.39979826525
-3591.62903084754
-3591.62903084754
-3592.3241884506
-3590.34815201433
-3590.34815201433
-3590.34815201433
-3589.46617505361
-3589.46617505361
-3591.81805123532
-3591.81805123532
-3591.81805123532
-3591.91240256182
-3595.88319367454
-3591.91240256182
-3592.63278828966
-3589.73122136069
-3589.73122136069
-3589.73122136069
-3589.73122136069
-3589.73122136069
-3589.73122136069
-3589.73122136069
-3590.10514137257
-3588.54507384061
-3588.54507384061
-3587.74105831294
-3587.74105831294
-3587.74105831294
-3587.74105831294
-3588.84212063171
-3589.07944025652
-3590.96866527954
-3590.96866527954
-3590.72269796651
-3590.72269796651
-3586.71620633185
-3586.07740734378
-3586.85111895103
-3586.85111895103
-3586.85111895103
-3586.85111895103
-3586.85111895103
-3586.85111895103
-3586.85111895103
-3586.85111895103
-3586.85111895103
-3586.85111895103
-3586.85111895103
-3586.85111895103
-3586.85111895103
-3590.34969974465
-3596.1402710411
-3589.41325682157
-3589.41325682157
-3587.32003846694
-3587.32003846694
-3586.4404851052
-3584.79018766236
-3584.79018766236
-3584.79018766236
-3584.79018766236
-3584.79018766236
-3584.79018766236
-3582.12245471674
-3582.65285241089
-3583.6632337837
-3583.59080577251
-3583.59080577251
-3583.59080577251
-3583.59080577251
-3584.43943257108
-3584.46695500236
-3584.82606521461
-3585.34141916372
-3586.96330796794
-3586.96330796794
-3586.96330796794
-3589.6321964834
-3589.6321964834
-3588.8681013719
-3587.77434938235
-3587.77434938235
-3587.77434938235
-3587.80919344441
-3583.95807928312
-3583.95807928312
-3583.76804732143
-3583.76804732143
-3583.76804732143
-3582.97336748882
-3584.06995042751
-3583.30565133426
-3583.30565133426
-3583.30565133426
-3583.30565133426
-3583.30565133426
-3583.30565133426
-3583.83014330515
-3585.90171004813
-3585.4566483821
-3585.4566483821
-3585.4566483821
-3594.19374189112
-3584.68483098402
-3584.68483098402
-3583.2705880001
-3583.2705880001
-3583.45844563669
-3583.45844563669
-3586.03309573802
-3584.0665111881
-3584.0665111881
-3585.45302040971
-3585.02900620403
-3585.02900620403
-3584.11370474893
-3583.46200854326
-3583.46200854326
-3583.46200854326
-3584.07684890694
-3585.45908463906
-3586.71738404303
-3586.71738404303
-3586.13132455713
-3586.13132455713
-3586.13132455713
-3584.00269115112
-3584.00269115112
-3584.00269115112
-3584.00269115112
-3584.7927381194
-3585.02111389177
-3586.26093424262
-3586.26093424262
-3584.89709077761
-3586.66450270351
-3586.66450270351
-3585.5709263221
-3588.66926830844
-3589.06669820923
-3589.06669820923
-3584.63454653319
-3584.6517143721
-3586.03753175075
-3585.51363898401
-3586.09858692913
-3586.09858692913
-3585.51089156396
-3585.03833481799
-3585.03833481799
-3585.12933083951
-3589.94616236925
-3585.12933083951
-3585.12933083951
-3588.17808934807
-3585.40250331937
-3584.77363194523
-3584.61651474624
-3583.81123172785
-3587.56205807063
-3585.23431126935
-3585.23431126935
-3585.23431126935
-3585.23431126935
-3585.63541659333
-3585.30380085046
-3583.68816646526
-3581.54077147995
-3581.54077147995
-3585.77010355887
-3585.77010355887
-3580.72030642511
-3585.01101489643
-3583.22447552191
-3585.1695179459
-3585.1695179459
-3588.57297766156
-3585.72250097549
-3585.72250097549
-3588.46351850427
-3585.93093334352
-3588.5229728859
-3583.89515473531
-3583.89515473531
-3583.89515473531
-3583.7549686668
-3583.8941871715
-3586.82753814708
-3583.60126369562
-3583.13178969517
-3583.67743903728
-3583.67743903728
-3583.64940779231
-3583.64940779231
-3583.32591116187
-3581.37154002843
-3582.78734184101
-3583.32591116187
-3583.55141474964
-3581.76009980562
-3583.79127611413
-3583.55141474964
-3583.79127611413
-3581.77685755731
-3584.40554077939
-3584.02815478021
-3586.39464162951
-3579.56394003121
-3579.56373106917
-3579.56373106917
-3579.56373106917
-3579.56373106917
-3579.56373106917
-3581.05655376474
-3582.50101055099
-3582.86193631071
-3583.34361653831
-3582.45251318086
-3580.02465476035
-3582.09816236876
-3582.11649208024
-3580.25470683968
-3580.05288409419
-3585.1219559239
-3580.05288409419
-3580.05288409419
-3580.05288409419
-3580.05288409419
-3580.05288409419
-3580.60950294939
-3580.60950294939
-3581.2511644139
-3581.2511644139
-3581.08412067256
-3580.37426011306
-3580.37426011306
-3581.96445267777
-3582.20198401176
-3582.45314894835
-3581.48230789737
-3581.48230789737
-3579.76210428336
-3579.76210428336
-3579.18309687287
-3582.94049852328
-3582.68518622879
-3580.41462786127
-3580.17720833232
-3593.44108471684
-3582.71127925286
-3582.38324071466
-3582.38324071466
-3581.71098949262
-3581.71098949262
-3579.58610709072
-3580.30083676758
-3579.99409704052
-3584.23508777634
-3582.15848101101
-3589.74324963551
-3582.21097769859
-3582.91878668796
-3587.98969489486
-3581.20750851418
-3581.20750851418
-3580.79920298824
-3581.24624776674
-3580.62224598313
-3582.22533511548
-3584.19696491853
-3583.83129643121
-3590.39665987439
-3583.83129643121
-3584.8537394274
-3584.5566181117
-3586.95240923219
-3586.95240923219
-3586.04921125057
-3589.39094186822
-3584.82780810827
-3588.84736069462
-3588.84736069462
-3588.84736069462
-3584.82780810827
-3586.30795881379
-3586.30795881379
-3589.77520367963
-3584.99096871311
-3584.99096871311
-3589.13704657574
-3584.99096871311
-3589.97855479353
-3587.79451243179
-3587.79451243179
-3587.79451243179
-3587.79451243179
-3595.8944373106
-3584.59997684085
-3585.1068294852
-3585.1068294852
-3584.18708725779
-3584.66103493
-3582.85421571356
-3582.26496607716
-3582.26496607716
-3584.13658759626
-3584.13658759626
-3583.8964977705
-3582.34105263414
-3583.9585986238
-3584.40950565627
-3583.82990187466
-3582.18780901489
-3582.48712831629
-3582.48712831629
-3581.6055390876
-3580.54788092472
-3580.54788092472
-3581.96008085457
-3581.96008085457
-3579.30028035055
-3579.30028035055
-3579.30028035055
-3582.99941021959
-3582.99941021959
-3580.17071770501
-3580.17071770501
-3580.44154235463
-3580.44154235463
-3579.82262689617
-3579.82262689617
-3579.04826591975
-3579.04826591975
-3578.58636658565
-3580.46981789826
-3580.88150343548
-3580.12021616965
-3580.12021616965
-3579.76615072264
-3579.98455610284
-3579.98455610284
-3579.98455610284
-3579.98455610284
-3579.98455610284
-3585.15308788497
-3581.2199037431
-3581.20103905787
-3580.79629872168
-3587.2081094666
-3584.26582359243
-3582.26275161747
-3582.19303342532
-3582.19303342532
-3581.51530613917
-3581.82900779944
-3581.724597611
-3583.09188927603
-3581.51286867231
-3581.51286867231
-3581.51286867231
-3581.51286867231
-3581.51286867231
-3581.51286867231
-3581.51286867231
-3581.51286867231
-3582.35621428828
-3583.31740873613
-3583.31169092961
-3587.37796970366
-3590.05364848987
-3583.26126809321
-3583.92329852731
-3583.92329852731
-3583.92329852731
-3584.55314481326
-3584.55314481326
-3584.54842101035
-3584.54842101035
-3584.54842101035
-3584.54842101035
-3584.54842101035
-3583.60068199328
-3583.60068199328
-3583.60068199328
-3583.60068199328
-3583.60068199328
-3583.60068199328
-3583.60068199328
-3583.60068199328
-3583.60068199328
-3583.60068199328
-3583.60068199328
-3583.60068199328
-3585.25389876957
-3585.25389876957
-3594.63145888226
-3583.89232261444
-3583.89232261444
-3583.89232261444
-3583.89232261444
-3583.89232261444
-3583.75594240076
-3583.40189015618
-3583.40189015618
-3587.27428002042
-3581.73949975699
-3581.73949975699
-3581.07964473162
-3581.07964473162
-3581.44486605699
-3581.44486605699
-3580.9595545583
-3581.17175252627
-3581.17175252627
-3580.61703066081
-3580.79160240509
-3580.79160240509
-3580.58718865374
-3580.58718865374
-3580.6696211219
-3580.46369345799
-3580.46369345799
-3580.46369345799
-3580.43345141856
-3580.43345141856
-3580.31819032305
-3580.31819032305
-3580.20286617611
-3580.20286617611
-3580.20286617611
-3580.20286617611
-3580.20286617611
-3580.20286617611
-3580.20286617611
-3581.17398537086
-3581.07610128962
-3581.07610128962
-3581.07610128962
-3581.19296301607
-3581.52010723992
-3581.52010723992
-3580.29209835454
-3580.62152947
-3580.62152947
-3580.59112841685
-3580.59112841685
-3580.59112841685
-3580.59112841685
-3580.59112841685
-3580.59112841685
-3580.59112841685
-3580.59112841685
-3580.59112841685
-3580.89706296671
-3581.59307386389
-3580.69151458561
-3582.72980828473
-3580.88133057273
-3580.88133057273
-3581.55209120125
-3581.55209120125
-3581.55209120125
-3581.55209120125
-3581.55209120125
-3581.55209120125
-3581.55209120125
-3580.49565940408
-3580.26409332049
-3581.85367299225
-3581.85367299225
-3581.85367299225
-3581.85367299225
-3582.70054159842
-3582.70054159842
-3581.65462391802
-3580.70631122157
-3579.86477578716
-3579.5710497693
-3581.03571754698
-3580.47754760968
-3578.61454757121
-3578.61454757121
-3578.61454757121
-3578.61454757121
-3578.87886190607
-3578.35920564497
-3580.59959109549
-3579.74455222671
-3579.81011676376
-3578.36067961051
-3578.36067961051
-3578.76973740681
-3578.60795747681
-3579.056379789
-3578.59492438681
-3578.59492438681
-3578.44276131146
-3576.27208641086
-3576.27208641086
-3576.27208641086
-3576.89825360143
-3579.28112394044
-3579.18286674721
-3578.23820609648
-3580.66300490806
-3580.66300490806
-3579.63810186601
-3581.13343740752
-3579.58201650703
-3579.54318104731
-3581.19031487133
-3581.19031487133
-3581.11870753411
-3581.00508200427
-3580.11787272669
-3580.77156806005
-3581.81288384282
-3581.65542949801
-3582.01123336902
-3582.01123336902
-3582.01123336902
-3580.36526041835
-3580.32916918448
-3580.32916918448
-3580.48016325361
-3580.53499512599
-3580.89463412031
-3581.78268454326
-3583.3521111997
-3580.44686221678
-3580.44686221678
-3581.00738830943
-3579.78882142111
-3580.05323557752
-3580.05323557752
-3580.26132691585
-3579.64497734638
-3580.58947121503
-3579.89029447436
-3580.08336411516
-3580.61000333591
-3580.61000333591
-3582.43050193246
-3580.51429753405
-3581.70815061832
-3580.95384807406
-3580.95384807406
-3581.02618999747
-3585.16318248636
-3584.30021057602
-3581.42558398319
-3580.57737118741
-3580.57737118741
-3578.98625537022
-3578.98625537022
-3581.69021046354
-3581.79373766138
-3588.0985671516
-3580.92759751314
-3580.92759751314
-3581.39617419146
-3581.41355926464
-3581.41355926464
-3581.41355926464
-3581.41355926464
-3581.41355926464
-3581.41355926464
-3582.76614824384
-3582.76614824384
-3581.93347610063
-3580.68243253378
-3580.66144360319
-3580.66144360319
-3581.22043046062
-3581.22043046062
-3586.0678176646
-3586.0678176646
-3581.05587703322
-3581.05587703322
-3582.09465504262
-3582.09465504262
-3583.1587687013
-3587.91335884831
-3581.08789880055
-3582.16533802089
-3580.43832679159
-3582.62458543257
-3580.83511207123
-3579.75474008107
-3581.01288944409
-3579.79390979413
-3588.99553093336
-3580.15950759269
-3580.15950759269
-3579.93540713175
-3579.93540713175
-3579.93540713175
-3581.73854891719
-3581.61608557761
-3586.61578036839
-3591.75942022962
-3584.664584712
-3584.05057095905
-3583.53450831979
-3577.81709191657
-3578.75960810786
-3578.6111931298
-3578.6111931298
-3587.82342607045
-3576.73446344981
-3577.8628475176
-3578.49290308175
-3577.92643879848
-3577.92643879848
-3578.17185390705
-3578.17185390705
-3578.09562634844
-3578.09562634844
-3578.09562634844
-3578.09562634844
-3579.75467855884
-3577.52830884353
-3578.66611841718
-3578.55346373973
-3578.32081858842
-3578.1987902737
-3576.78792961353
-3576.78792961353
-3582.90109314372
-3576.78792961353
-3576.78792961353
-3576.78792961353
-3577.89502569583
-3577.89502569583
-3578.73066800598
-3584.0371597275
-3583.48796108739
-3584.45275819237
-3583.42127055074
-3583.60879457281
-3585.97662643274
-3583.48631261209
-3583.08012644755
-3582.75067519341
-3580.91510373845
-3581.14649828839
-3580.49047650182
-3583.54741899083
-3583.81456785871
-3582.16257754394
-3581.56785834156
-3581.97985933124
-3580.39557296889
-3580.29705145897
-3581.44868395681
-3579.84336994223
-3581.53108349209
-3579.96785533752
-3580.38671497034
-3578.90961236021
-3578.21511144033
-3578.37101022282
-3579.47520284839
-3580.19284772423
-3579.82867759152
-3579.81891420589
-3579.35218605624
-3579.01517901786
-3580.46223805793
-3578.8048442657
-3583.10017915828
-3579.0064887785
-3578.34035747806
-3578.81478808493
-3583.10017915828
-3579.37119479615
-3578.92995720167
-3580.17345029521
-3578.15413848493
-3580.32288587639
-3580.95524661035
-3580.45743537373
-3580.75219537272
-3579.47053674024
-3579.28382197884
-3580.2303726329
-3579.87263993745
-3581.25384095261
-3581.28325073796
-3580.07710880625
-3582.43713758528
-3582.46538808542
-3582.46538808542
-3581.81657703198
-3581.350088594
-3581.350088594
-3582.33778057509
-3580.62932115989
-3580.12432354223
-3579.34426913068
-3579.34426913068
-3579.50340849124
-3577.8950426503
-3577.89329255613
-3577.89329255613
-3577.89329255613
-3577.89329255613
-3577.89329255613
-3579.04890619047
-3579.04890619047
-3577.74516153336
-3578.14707988475
-3578.08509937964
-3578.08509937964
-3577.25092699742
-3577.03975148725
