"var1"
-3555.53301947412
-3556.19851069104
-3556.57918497595
-3557.92598673204
-3557.42475318215
-3556.60544629638
-3556.20408733332
-3555.15345711518
-3555.5370793745
-3555.0646000173
-3554.67324106161
-3554.67324106161
-3560.79282722067
-3556.91185106576
-3559.07223200885
-3556.08452767456
-3556.55664579427
-3556.55664579427
-3560.27618064195
-3561.49309153738
-3559.04438991109
-3558.69942852952
-3559.59112836728
-3560.94290666063
-3565.16611888668
-3562.86226256017
-3561.50574040725
-3561.81967927764
-3562.47161928225
-3563.44990220283
-3562.37350638822
-3562.84548020171
-3566.07763544741
-3564.07483807209
-3565.51981412296
-3564.37434190729
-3564.15835939963
-3565.22907630394
-3566.37197594212
-3565.82173488573
-3563.66784548012
-3562.74669988019
-3562.6389175426
-3559.02117254162
-3556.62548217662
-3563.54055569621
-3558.40013429233
-3556.33366566663
-3556.33366566663
-3557.06377657024
-3556.53889914872
-3557.40479541428
-3558.63374785977
-3559.90689631746
-3558.21534722094
-3559.35280435867
-3558.75339623574
-3558.0954253806
-3562.45007386055
-3559.37684015079
-3564.09415530648
-3560.57273594985
-3561.06368503742
-3559.4573236903
-3561.97797489588
-3558.57825188825
-3561.75509609552
-3559.8475451057
-3557.76268404881
-3560.62452450666
-3559.09246890644
-3559.04604945859
-3557.64193498831
-3562.01934962548
-3562.50436806002
-3564.50264528097
-3564.45478347259
-3563.90162890206
-3562.46195515055
-3565.86218724532
-3563.59629449185
-3562.93980207074
-3564.24514933807
-3562.28856708168
-3562.28856708168
-3560.00922480389
-3559.52048108585
-3560.28324019053
-3560.7871663591
-3562.17688970388
-3562.81946558635
-3563.6348593457
-3560.8241462005
-3561.31578447192
-3559.39031278708
-3556.95469762372
-3556.95469762372
-3556.95469762372
-3556.95469762372
-3556.95469762372
-3559.33786010577
-3558.56436523317
-3558.33249001381
-3557.16353322811
-3557.26780362299
-3558.0869336877
-3557.96206410859
-3556.0225163881
-3557.15021999453
-3558.07656657476
-3559.0815289975
-3560.80418755826
-3558.99243215062
-3561.22371656899
-3561.68525966726
-3563.64193944483
-3558.10819314808
-3556.93996650921
-3560.9443872463
-3559.26300197751
-3563.07644841311
-3560.18513557856
-3559.5933713152
-3559.33712915932
-3557.64735532137
-3559.40835340903
-3559.82993218993
-3559.5601003276
-3558.38904352623
-3557.90612126135
-3557.90612126135
-3559.19972731857
-3558.55684328097
-3558.18311919125
-3558.93386559654
-3563.64598818784
-3559.35071710712
-3559.35071710712
-3564.61460697636
-3559.72319494438
-3558.70346439444
-3557.63810492888
-3558.97013542423
-3558.97013542423
-3560.91953288685
-3561.00214518099
-3560.59971850434
-3560.08495520238
-3566.62794360702
-3561.78461595985
-3560.77324983203
-3560.52100932892
-3557.54392184379
-3557.91048617254
-3558.28193171545
-3558.04518691279
-3557.8923889051
-3557.8923889051
-3559.50868113186
-3557.97686645398
-3557.81440312421
-3557.76752949909
-3558.90911009287
-3559.44950078375
-3562.43709425748
-3558.397588368
-3558.397588368
-3557.84803270812
-3556.36640353376
-3557.85563303891
-3559.61406874282
-3557.97684524049
-3556.5123107584
-3561.2462387475
-3561.25088592934
-3560.84490834239
-3559.63454260872
-3562.39598739674
-3561.02935656231
-3560.06276589231
-3561.14677437223
-3560.89476897289
-3559.13799203892
-3560.21377276438
-3560.67442839003
-3557.94356891356
-3569.73346246101
-3569.73346246101
-3568.47839617832
-3559.35672943222
-3561.67520480443
-3560.34371476301
-3560.6705336605
-3560.0041432179
-3561.45813310203
-3562.099101488
-3562.099101488
-3562.099101488
-3562.099101488
-3562.92877979927
-3561.15070805279
-3561.96902101116
-3558.45671104197
-3558.45671104197
-3558.45671104197
-3562.59054101276
-3559.53436310479
-3559.70925080649
-3557.39629773172
-3557.00913012391
-3558.6613002097
-3561.25514104564
-3561.25514104564
-3563.00545517101
-3564.48724648548
-3558.48644628652
-3567.02380827269
-3560.34878705401
-3562.19371700403
-3558.80825796278
-3557.53024793365
-3557.99971618685
-3560.57390185349
-3563.13142373405
-3562.84814061581
-3564.71083574782
-3565.81432206643
-3560.97346567468
-3560.51100615973
-3564.19732209617
-3565.18383720844
-3562.59855847697
-3562.59855847697
-3562.59855847697
-3561.38221275887
-3561.38221275887
-3562.28191720318
-3563.50364328714
-3562.83699735062
-3569.2630973005
-3560.40047783688
-3561.81601673195
-3561.26116386221
-3562.7676238624
-3561.83175080425
-3561.90838639119
-3561.19516153152
-3560.92138581436
-3564.91211325831
-3562.8396496771
-3559.64799358684
-3560.02966438672
-3561.12726981564
-3561.55474517032
-3561.55474517032
-3563.17004224633
-3570.6346184858
-3562.66661766014
-3563.66624972446
-3563.66624972446
-3562.43326739171
-3565.32995361262
-3563.56145081998
-3564.72802311965
-3566.6945767241
-3564.52559587037
-3568.92054851533
-3562.1412831737
-3562.1412831737
-3563.21492220513
-3563.21492220513
-3564.39088150805
-3562.56908659998
-3564.03187585065
-3565.01085542111
-3562.69624122275
-3562.34059714527
-3558.72775143262
-3559.66248288442
-3561.42391674351
-3562.08896518441
-3561.74944084696
-3561.89832997121
-3561.28195450304
-3559.52088294579
-3559.52088294579
-3559.87818928526
-3560.4717148636
-3557.93466345085
-3558.31185154601
-3557.97038863995
-3560.34791551339
-3558.30022907334
-3557.28685197569
-3556.86842324439
-3558.05222892457
-3557.44438858758
-3557.44438858758
-3555.54710195801
-3554.78920808177
-3554.52159483414
-3554.91736386135
-3559.13302963618
-3559.32954562945
-3561.18879664033
-3563.12161703294
-3559.74351656932
-3559.74351656932
-3558.55378946264
-3556.62715004936
-3556.62715004936
-3556.62715004936
-3556.62715004936
-3557.31862968398
-3559.3232654537
-3558.06419588839
-3568.97453269476
-3559.06111259504
-3560.24923848922
-3559.34389299178
-3559.71266685397
-3558.45953089839
-3560.17374298342
-3560.83141815779
-3560.33423241729
-3560.32447900498
-3557.39844110452
-3557.25879381601
-3556.93427958902
-3558.40091450337
-3558.35838143043
-3558.62600427071
-3558.32286710991
-3554.15941798266
-3554.14681824465
-3555.44114015096
-3553.48773768346
-3553.95115919994
-3557.58503125966
-3557.72186955845
-3555.40286294317
-3557.47599025587
-3558.48406774236
-3558.48406774236
-3555.34275224879
-3555.78054049772
-3556.09457699194
-3556.09457699194
-3557.4992193278
-3554.97308788627
-3554.97308788627
-3554.59239521748
-3554.68069814678
-3555.86847803797
-3556.39082394718
-3558.20853643074
-3559.25324991255
-3560.42735253197
-3562.77356880764
-3558.82234183037
-3558.341853171
-3556.66969984963
-3555.96743115769
-3557.90420279799
-3558.05357652969
-3557.5650714432
-3557.28042234907
-3557.08472676599
-3557.2300129323
-3559.32311464892
-3558.7772402109
-3559.13533027853
-3559.11856166565
-3560.72666251125
-3559.47867627422
-3558.77311095826
-3565.73398655755
-3558.29094332202
-3558.29094332202
-3558.28951951651
-3558.28951951651
-3558.74727941792
-3558.35573069706
-3559.01550437861
-3561.02435372957
-3559.87166454645
-3562.03530035257
-3561.37235979418
-3561.37235979418
-3562.40390267941
-3557.85510214992
-3558.47019540478
-3557.74752855787
-3558.07965935709
-3557.95641832823
-3559.36888830065
-3555.6451817398
-3558.46272167656
-3562.65654339099
-3562.65654339099
-3562.54591110001
-3562.75764987064
-3563.94330035461
-3559.38520113136
-3561.72178997294
-3558.4472995104
-3559.77302144814
-3559.36155092627
-3559.12738215853
-3558.96708923051
-3558.25584133979
-3558.7778450536
-3558.7778450536
-3560.27639089369
-3560.2555630472
-3555.43033431503
-3555.43033431503
-3559.01938876256
-3555.81540695349
-3557.26697968433
-3558.38480672824
-3555.27868137989
-3558.70765579108
-3559.23666237744
-3559.23666237744
-3556.0627463087
-3556.03976596013
-3556.72483742445
-3557.60959692036
-3558.91247769613
-3561.34533095644
-3559.31535847675
-3559.31535847675
-3559.27441700794
-3560.09529328823
-3560.09529328823
-3559.07314964998
-3562.62475645939
-3562.4866013286
-3562.4866013286
-3562.67743629906
-3560.02822681183
-3561.34449070095
-3560.04115873841
-3561.07620897872
-3560.9545066609
-3559.84208723127
-3558.81594538918
-3558.81594538918
-3567.22691618759
-3559.81549417421
-3561.53315553559
-3560.72200969127
-3561.77444664994
-3561.77444664994
-3561.77444664994
-3562.58090949166
-3559.53064218648
-3567.79000121508
-3559.88110622253
-3558.97316136069
-3559.24959623921
-3559.24959623921
-3559.95042479584
-3559.95042479584
-3559.95042479584
-3559.54846321799
-3559.50728167006
-3559.74769882314
-3559.74769882314
-3563.11507420822
-3563.47444667271
-3571.47862439686
-3565.75262424981
-3566.33271481931
-3570.06143648514
-3567.60237953675
-3564.55030405174
-3566.25972681095
-3568.65435357212
-3565.98296514191
-3564.41219104961
-3564.41219104961
-3567.51477163651
-3563.64632605636
-3564.30031399439
-3563.89810397606
-3563.41331230741
-3563.86192780401
-3562.55578533825
-3562.69629855238
-3565.35073811235
-3562.72640587068
-3568.43044064567
-3563.70470406871
-3559.30083729156
-3559.42389939154
-3560.87751653818
-3561.14280113803
-3562.93180329256
-3569.0230451817
-3565.62062479804
-3565.03092327001
-3566.94082731371
-3564.070619251
-3562.26708248623
-3562.829454544
-3561.86398212512
-3562.4807514785
-3562.95850124253
-3565.36732295981
-3566.65302706755
-3565.03352862165
-3565.65144821661
-3563.81850084681
-3563.58494044955
-3557.1222728449
-3555.45756463194
-3557.78998993953
-3558.25769770957
-3558.24499298603
-3559.88967018137
-3560.20091694746
-3561.12205101396
-3558.2334177246
-3561.59670259528
-3564.81832161269
-3561.10226580154
-3559.38102407295
-3559.9089704066
-3564.50460372224
-3560.8580587786
-3561.65128298995
-3560.86705782817
-3562.67723159549
-3564.3492040979
-3564.52638977947
-3563.59521809246
-3563.62965603684
-3560.69038888915
-3560.79159516139
-3560.79159516139
-3560.65057303181
-3560.45898573392
-3560.45898573392
-3560.45898573392
-3563.99462687319
-3563.6789685535
-3567.95624038434
-3562.90799439646
-3559.12868208797
-3564.57396060856
-3560.48445221441
-3561.08653179133
-3561.93132836692
-3562.16454800445
-3564.15062873499
-3561.82743636116
-3562.25218334778
-3560.78046693696
-3560.98557438
-3564.79375815111
-3560.13925560316
-3558.49294615171
-3559.4758088455
-3559.82567019079
-3559.1522075929
-3557.90951296125
-3557.76305417581
-3558.02250741006
-3558.02250741006
-3557.09922428706
-3557.09922428706
-3557.09922428706
-3556.64913032483
-3556.6913106293
-3556.6913106293
-3556.76718286205
-3556.76718286205
-3556.97111499007
-3559.394603441
-3558.60671775411
-3559.38638192682
-3559.51482569456
-3558.44813892047
-3558.44813892047
-3558.67768744946
-3559.44620759135
-3558.91759250708
-3559.54667436978
-3559.32245285533
-3562.49600635211
-3558.87082993754
-3559.19919173724
-3559.19919173724
-3559.19919173724
-3559.14443374559
-3559.14443374559
-3561.84618825132
-3563.45066571038
-3564.68438141636
-3564.4807229321
-3571.6226696355
-3567.63509823775
-3562.49560101801
-3561.11018664742
-3561.11018664742
-3560.40005577113
-3560.40005577113
-3560.24629456662
-3558.74820981941
-3559.03262405466
-3557.375815879
-3557.58944929385
-3556.34635552832
-3555.66144607106
-3555.66144607106
-3556.34944724842
-3557.93830943051
-3556.84213003741
-3554.84119353422
-3555.41086909437
-3555.62667949104
-3555.42821271427
-3556.09731439443
-3555.33372445491
-3556.24377757673
-3554.86776408093
-3555.40411169696
-3556.68381100856
-3554.45963866538
-3554.00608085918
-3554.23296917629
-3555.66911328718
-3557.05349551529
-3558.67144728006
-3558.73673356091
-3558.00304369255
-3559.54522618964
-3559.34975458586
-3559.34975458586
-3560.71974949
-3556.66059966845
-3556.66059966845
-3556.66059966845
-3556.43453204543
-3557.53709077013
-3557.00759215024
-3557.30130809216
-3556.56060733596
-3556.56060733596
-3556.56060733596
-3557.09104625198
-3557.09104625198
-3558.76583944144
-3558.36340096029
-3556.48272876473
-3558.27447754304
-3557.84474190806
-3557.87513640927
-3557.87513640927
-3559.46976478325
-3559.58170184038
-3559.75434509644
-3559.75434509644
-3559.21642172018
-3557.88637681729
-3560.00609523692
-3560.55644060327
-3560.29934695887
-3563.63591475813
-3560.9862139109
-3561.05266145557
-3561.11596798258
-3563.22706263149
-3564.85098275027
-3561.39221190124
-3560.87014151042
-3561.87443357349
-3562.66555244752
-3562.46797247554
-3562.46797247554
-3561.347501569
-3561.13972466098
-3559.7624266823
-3559.08055761337
-3560.24209498274
-3560.2302146868
-3560.96804031094
-3562.1343556432
-3564.90016180178
-3567.98803624555
-3565.25935438029
-3560.67296133802
-3558.46624320228
-3557.48532108373
-3557.52284014959
-3556.30208907662
-3557.32108667382
-3563.70821270415
-3559.85720495132
-3559.85720495132
-3559.65717756816
-3557.44199355973
-3556.75847927148
-3557.55934251261
-3558.23780992071
-3558.23780992071
-3558.23780992071
-3562.40683089294
-3561.74856950562
-3559.29449292231
-3557.14392159457
-3560.6143775735
-3556.9428332308
-3563.75165233506
-3558.87321934773
-3557.14424164653
-3562.64382974924
-3558.37499192575
-3556.77660392888
-3557.67383817435
-3562.98454104152
-3563.52641752169
-3556.99516443287
-3556.92272506908
-3555.81931828944
-3554.62367433933
-3554.99801021986
-3555.36593675828
-3558.63907181358
-3558.63907181358
-3560.52649117751
-3556.89494397939
-3559.59998131546
-3556.00373069999
-3556.49984704177
-3556.95385182629
-3556.56079362825
-3557.02069231983
-3556.34964891386
-3556.34964891386
-3558.03610410035
-3558.31964102345
-3556.17084915957
-3555.66120984988
-3556.86189519797
-3555.56538065154
-3555.21567708959
-3555.21567708959
-3560.65056452113
-3562.57382475456
-3561.13474567316
-3561.51455979829
-3561.47943336944
-3560.76306833418
-3561.65544539284
-3563.90315139787
-3557.77474868181
-3556.94626341001
-3558.10930751976
-3559.22402535135
-3559.3429519784
-3559.04857496528
-3557.97491031377
-3557.97491031377
-3559.62071159229
-3559.62071159229
-3559.71143155917
-3558.31505363043
-3558.31505363043
-3556.49430722074
-3557.70790977278
-3559.57922485515
-3557.84143408438
-3555.89410740256
-3556.29380351125
-3558.0588908195
-3558.47688716123
-3557.87528890791
-3558.9874406634
-3557.47951325904
-3557.57739636038
-3557.57739636038
-3557.57739636038
-3557.57739636038
-3557.79390449792
-3559.00765454459
-3558.37858519402
-3558.37858519402
-3558.37858519402
-3558.37858519402
-3557.50584183682
-3558.60270104643
-3559.87199772883
-3565.71125528511
-3560.8266748782
-3560.8266748782
-3568.200321655
-3561.95103430426
-3561.95103430426
-3558.97013148241
-3568.6074754398
-3558.97013148241
-3558.97013148241
-3560.74559364117
-3567.18437992741
-3562.7913425819
-3563.18865174574
-3561.63296819118
-3561.44880260111
-3561.42465845575
-3559.80219984115
-3559.91321060939
-3564.28658346043
-3561.73482277325
-3560.50243396209
-3558.96270277666
-3557.85802273658
-3557.47632080124
-3557.47632080124
-3560.06750652322
-3559.11263288619
-3559.38956382894
-3557.40284483996
-3557.02204003479
-3558.37801749839
-3558.37801749839
-3559.60061977339
-3559.60061977339
-3559.46447586454
-3557.26991168403
-3557.25563263336
-3557.08164956493
-3556.66350941916
-3556.66350941916
-3556.46575961286
-3556.46575961286
-3556.56467020237
-3555.61694473062
-3555.61694473062
-3556.40042210018
-3556.82309467941
-3557.2912412394
-3555.25445467703
-3556.54640584575
-3557.36861748538
-3556.61706733108
-3556.16989905947
-3556.16989905947
-3555.94666176559
-3555.41914403615
-3559.4492781883
-3561.95268464606
-3565.9830358918
-3559.20832089647
-3564.06268558212
-3557.16648983446
-3555.35697707728
-3555.82530507515
-3556.99288065674
-3559.08430754867
-3559.59782972971
-3560.69672822788
-3558.24847112395
-3557.94008777481
-3557.18832206957
-3557.36042378404
-3558.68767876891
-3557.0975329603
-3557.0975329603
-3556.24961884741
-3556.24961884741
-3555.93037424906
-3558.16696964494
-3570.25126265332
-3555.4146320526
-3556.03850288642
-3556.03850288642
-3556.01951562355
-3564.5591725495
-3555.74862881089
-3558.56918134843
-3555.82556036875
-3556.94907204898
-3556.72482546531
-3560.27456336709
-3560.13667404557
-3562.58350288702
-3563.54322543621
-3562.06772233878
-3561.26094793523
-3560.45399356704
-3566.47054585858
-3560.76413002771
-3559.65814859127
-3559.35130167362
-3559.81332063608
-3560.74817292827
-3559.75057635102
-3561.67095089659
-3563.06050019432
-3562.70088939753
-3560.00069536562
-3559.42576513171
-3559.8603382032
-3559.29441445057
-3558.38336724264
-3558.37092237943
-3557.79064142115
-3556.95864256953
-3557.19994069507
-3557.28410978913
-3557.2542476247
-3557.40869167038
-3556.90653823488
-3556.64348623357
-3556.64348623357
-3560.07711677571
-3566.22954844071
-3561.07940350103
-3561.85435582409
-3563.16996230365
-3560.80288129936
-3559.64761012474
-3559.12127580899
-3559.30081379467
-3566.17671665145
-3560.08893383993
-3559.54194006742
-3561.12157829105
-3566.37036857649
-3562.50062233183
-3563.17842100314
-3560.2240808098
-3560.31722607178
-3560.31722607178
-3559.74094830106
-3558.1803779801
-3558.52112396138
-3557.56176201357
-3558.77188685901
-3558.96901976015
-3558.08184014956
-3562.5088834827
-3556.50244484845
-3557.6091039991
-3561.6362111107
-3555.65717686703
-3556.74549415001
-3556.76527878852
-3558.03847117281
-3557.38360544249
-3568.01992938171
-3556.8028681331
-3557.13548034303
-3557.58372681072
-3559.45111695628
-3562.43222391375
-3558.08274853281
-3557.79491700869
-3557.82225199948
-3558.64611966236
-3558.58488466179
-3558.06219566285
-3558.06219566285
-3558.62212290811
-3558.47027905385
-3558.47027905385
-3558.56885259449
-3558.29942368467
-3557.65668669407
-3557.65668669407
-3557.65668669407
-3558.98884615969
-3561.97490275003
-3560.02003534297
-3558.18236143729
-3559.64157510422
-3559.64157510422
-3563.02355151125
-3560.18639723891
-3559.98349517073
-3560.68585002903
-3559.31338142362
-3556.79211189573
-3557.27220206791
-3556.73443855108
-3557.93929459189
-3557.98859230253
-3559.77486010066
-3559.87284998597
-3559.35197902262
-3560.30087579859
-3558.70175640383
-3558.91473532656
-3558.91473532656
-3558.39160815872
-3558.16951715753
-3556.86862099648
-3556.86862099648
-3556.86862099648
-3557.95503320665
-3557.03407744047
-3558.48829952851
-3558.55387840437
-3558.19840090914
-3558.44473540932
-3556.88604484428
-3559.60923047318
-3558.11708743556
-3557.27587921321
-3557.80019442322
-3559.94276404907
-3565.20530902483
-3565.14838927319
-3562.60971240021
-3560.42863479917
-3559.02506072085
-3566.2016317123
-3561.40810791027
-3563.3255491426
-3561.43158103462
-3559.55843558369
-3556.36594614435
-3556.53894986235
-3557.85202978069
-3559.530519608
-3560.72351906872
-3563.49373497122
-3562.18380953572
-3563.34999387242
-3563.24758679145
-3562.40610267452
-3563.675654187
-3564.56765619152
-3564.41426004737
-3563.74329600606
-3563.58547770961
-3564.40934517607
-3565.40042944501
-3564.775815142
-3565.04020207499
-3565.42261409533
-3564.74140548541
-3571.37556754428
-3563.79024681746
-3568.97022193326
-3564.1267809343
-3567.7169970886
-3564.97957611745
-3565.91318132202
-3565.91318132202
-3565.91318132202
-3565.14764993038
-3561.83434538749
-3562.06900805432
-3560.78523262448
-3559.90716472765
-3559.50394632531
-3564.45215799052
-3562.04140754539
-3561.55403638575
-3565.04152062741
-3562.37439933446
-3562.35340552988
-3560.40339399376
-3564.82564129042
-3560.33056541766
-3561.63990092404
-3559.56503739498
-3560.29280033319
-3560.05549331406
-3560.55521002274
-3559.1056200319
-3559.1056200319
-3559.1056200319
-3558.37264683218
-3559.99114036003
-3559.5997029
-3560.49074987885
-3561.18296835784
-3561.14399401119
-3563.50953051924
-3561.18091334699
-3561.06577156716
-3560.93246442557
-3561.25912365936
-3564.22178863244
-3561.75630727779
-3561.21623885788
-3561.17033501722
-3561.89072855527
-3561.89072855527
-3561.72357050514
-3564.99721525186
-3565.58476168943
-3563.67093990168
-3564.49440678166
-3565.52750408124
-3565.52750408124
-3564.77215821754
-3563.49879264489
-3562.73904774147
-3561.72218574155
-3561.72218574155
-3560.26910830631
-3561.08367634321
-3560.4984225381
-3560.57326437506
-3560.08052433051
-3559.85217073356
-3559.52149598474
-3572.52580931115
-3560.39697780888
-3560.39697780888
-3562.00969901202
-3563.65133807244
-3561.86237013865
-3562.61811617948
-3562.77262252973
-3561.69161768915
-3561.69161768915
-3565.56053390508
-3568.81498566075
-3567.00159777851
-3567.47896963037
-3561.25031870673
-3565.26984561677
-3559.94092330004
-3559.94092330004
-3560.99133945961
-3560.75199677153
-3560.82381059674
-3561.00551744589
-3564.00225917698
-3567.33465123948
-3560.42297799195
-3560.7945433659
-3561.17234476491
-3560.90745846262
-3561.30441326528
-3562.46127845659
-3562.46127845659
-3562.7639660248
-3561.98464013236
-3563.75871552978
-3563.44023497189
-3563.62525426316
-3566.22903481065
-3566.52396348127
-3564.24736823801
-3564.35102345498
-3565.22939057442
-3563.27074070701
-3568.68606695207
-3568.61641195416
-3566.47925794609
-3567.19311761861
-3567.79983528037
-3564.06602383671
-3564.06602383671
-3564.11084033736
-3567.78422830466
-3565.48647310399
-3568.26894218679
-3564.54845180914
-3564.92271688326
-3565.06876030985
-3568.85484889142
-3569.10528729645
-3568.39001982721
-3566.99244632288
-3567.49749419533
-3567.71503381943
-3567.11640633296
-3567.28143494974
-3563.1070119561
-3564.24838963535
-3563.60627305311
-3561.58913404419
-3561.58913404419
-3566.98531545985
-3569.18773923365
-3566.19257591265
-3565.29424990261
-3562.7942179525
-3563.24615515117
-3565.032127028
-3564.744715974
-3565.42466990451
-3562.89652968292
-3563.79877233582
-3563.32129736344
-3563.40513865671
-3564.93176720248
-3565.22644209343
-3565.02821912973
-3565.52515056067
-3564.80380669552
-3568.92562551637
-3564.81220773655
-3564.61611940861
-3571.86107151337
-3565.75828353802
-3566.22306385026
-3566.32796864868
-3565.68387023579
-3564.59249053122
-3567.67069679421
-3565.58697719015
-3567.95438430793
-3566.6319206568
-3566.45498791619
-3566.27221395482
-3567.79181909976
-3568.35297224014
-3566.04264411815
-3568.14757334507
-3567.40509367079
-3567.58665730068
-3565.66978797001
-3567.30282265772
-3567.11725304095
-3569.37695277015
-3566.56516467814
-3567.8499072022
-3569.82808788295
-3571.49451170637
-3573.10463460692
-3571.49451170637
-3571.03840809019
-3573.37499926095
-3573.03584598217
-3566.22740809805
-3565.89382169495
-3565.72995731802
-3564.72722652411
-3565.7524574731
-3564.94108362963
-3565.83299173643
-3565.6492117018
-3565.6492117018
-3564.22926163344
-3564.87810472883
-3564.9687818656
-3564.85456859924
-3565.65219966167
-3565.64492003766
-3563.7106345274
-3562.81171017986
-3562.33948154279
-3562.77153725524
-3562.67532583259
-3561.9113831998
-3561.93931287253
-3563.10437078485
-3563.12820067127
-3563.09814834131
-3562.53204251097
-3564.54036574267
-3565.45334037813
-3563.99469021001
-3563.85799940902
-3562.93083811125
-3562.61440047697
-3560.42332296042
-3562.27282375262
-3562.59949042382
-3562.42120030718
-3562.42120030718
-3560.7977800907
-3560.27251172278
-3560.3249607933
-3558.81881440434
-3558.4933702392
-3557.82833100965
-3559.03676714973
-3559.88118627636
-3556.33310837017
-3557.11248600427
-3558.3991132619
-3559.48386852944
-3557.93007415097
-3557.31314342785
-3557.0519609344
-3558.31963717165
-3557.40104471499
-3556.18287327179
-3557.18555601212
-3556.02590816249
-3556.08933359388
-3557.53855895087
-3558.5938567372
-3556.93272191272
-3556.80392703934
-3557.05715764819
-3556.69331197326
-3559.15925009833
-3560.63781260227
-3559.33193400134
-3560.38567151112
-3563.29074674618
-3561.75834902043
-3563.94056103786
-3570.11283887527
-3558.54668135887
-3558.96154033758
-3558.75620932396
-3558.75688945177
-3562.10082910432
-3562.32837267902
-3567.17687074703
-3562.58425831818
-3562.27693388967
-3562.04125024088
-3560.7615258805
-3562.7663218748
-3561.45306430535
-3561.27484687208
-3559.5929008207
-3557.70282490021
-3558.23065260409
-3556.34069378635
-3555.2833636685
-3555.53465962487
-3554.63704304597
-3555.14348342451
-3555.14348342451
-3555.33425240534
-3556.08817327484
-3560.67833493863
-3559.99637901325
-3567.96736180676
-3568.72297643788
-3562.66858628176
-3568.18132430475
-3568.93810960478
-3569.0133454208
-3569.55241584046
-3569.0133454208
-3566.36961510294
-3559.25992615029
-3559.80930416087
-3558.24439389466
-3559.30966301915
-3561.29579552441
-3558.55570161247
-3558.77858861626
-3558.98334102757
-3558.98334102757
-3559.73085742623
-3559.30953032798
-3559.55209245905
-3563.43513219299
-3562.97111560721
-3563.21319349642
-3558.37719612574
-3558.94950422628
-3559.51266547697
-3563.91414136326
-3558.20755400008
-3563.61875909401
-3560.32745705362
-3561.58222815105
-3561.96675181474
-3561.078305544
-3558.2463631284
-3556.93689947686
-3561.078305544
-3557.15752281083
-3557.84844009309
-3561.27877776585
-3561.93504846094
-3560.48110981659
-3560.63957558165
-3562.00529572399
-3560.1880432603
-3562.04069834597
-3560.48312385911
-3562.45659826938
-3564.45663634997
-3567.3711150985
-3559.66590811872
-3560.56200023027
-3563.82538418295
-3562.53750246537
-3563.32005633139
-3560.82029698062
-3562.83113403802
-3563.98200503455
-3562.82426633583
-3562.35802991578
-3566.10475771977
-3562.16566019371
-3561.53538842559
-3561.93098240145
-3566.07863836616
-3562.85506142028
-3562.28553733037
-3561.73614061904
-3562.05573679156
-3561.32858137241
-3560.21307463275
-3561.13188086358
-3560.20005750722
-3561.28540994407
-3561.96191568384
-3560.5669636334
-3560.5559481266
-3565.85598359041
-3560.75093611852
-3560.97650363567
-3560.86813290255
-3561.13861983725
-3560.23182158669
-3560.23182158669
-3558.93101713991
-3558.86056880717
-3561.1559417826
-3556.38400984868
-3558.86056880717
-3558.30111531746
-3558.63897164332
-3557.16988949797
-3556.49915215366
-3561.74472897355
-3555.48095510413
-3556.43233571159
-3556.12247406978
-3557.39031697277
-3555.26417465428
-3555.26417465428
-3555.42618436103
-3555.40799263058
-3555.69889669234
-3557.45627623374
-3556.56089188385
-3564.07580213113
-3554.9058005328
-3553.34461518953
-3556.42714825343
-3558.51771131375
-3556.25772195164
-3556.81392485309
-3556.383949774
-3557.98202863749
-3560.18535483663
-3556.77439044771
-3558.33370537374
-3560.15175913313
-3556.36103852943
-3554.70095255302
-3563.0949614298
-3557.05126956217
-3557.13873502612
-3556.84059244801
-3556.50511525763
-3556.50511525763
-3556.50511525763
-3556.50511525763
-3557.43587403412
-3557.3715269913
-3559.85533425806
-3558.99414620993
-3558.35018192146
-3557.2805681801
-3561.74764490909
-3556.19313321711
-3557.63297726739
-3558.79292799975
-3560.23506202517
-3556.30708319565
-3561.79479613036
-3561.90601480331
-3562.17255323549
-3563.20746469694
-3558.14375460704
-3560.99549397632
-3559.43153240159
-3557.67469793878
-3557.67469793878
-3557.43056144657
-3558.43194927165
-3558.70662481001
-3564.55902918645
-3561.55183061792
-3560.12796991467
-3560.13455564026
-3560.13455564026
-3563.99723588785
-3560.47606937182
-3558.67480591508
-3558.89657216605
-3564.85114446498
-3564.85114446498
-3559.30093850797
-3559.5918518308
-3564.16308783897
-3560.43362161924
-3560.79160202099
-3560.79160202099
-3563.2235321023
-3563.05393725348
-3564.47333968686
-3565.64053769456
-3562.20794208339
-3561.85990532875
-3559.28847488363
-3560.81216530263
-3559.32647782828
-3560.67019395433
-3560.14439670391
-3558.42759388487
-3558.42759388487
-3557.93444671252
-3558.54407128905
-3558.1819722751
-3558.38609047901
-3558.74969193105
-3562.61330407132
-3559.16591993421
-3565.61262356656
-3561.66147509168
-3560.2958469163
-3560.04102886283
-3558.46806148047
-3566.26799030059
-3565.03164093801
-3562.05579851402
-3561.40625751236
-3561.40625751236
-3560.97582707823
-3560.02443921681
-3559.3139881228
-3559.23359920967
-3562.44194651357
-3560.31732795082
-3559.13775491065
-3559.13775491065
-3559.96905055196
-3561.16441981895
-3562.12022067471
-3558.53852019551
-3558.53852019551
-3559.48321314461
-3559.41271671606
-3560.8088019617
-3559.68497441652
-3560.76986183472
-3560.27679564188
-3560.46049389859
-3560.31325001278
-3559.66916687798
-3559.70725784503
-3560.79066540186
-3561.15063340182
-3558.8980446361
-3558.8980446361
-3558.74642048203
-3560.93494785184
-3560.50095535035
-3563.00593598264
-3560.42064546346
-3560.42064546346
-3562.71065265974
-3561.22374721274
-3562.30243331117
-3562.30243331117
-3562.30243331117
-3561.79154237802
-3562.17294210689
-3560.99302482156
-3558.89725480705
-3558.87695298447
-3560.31127805453
-3560.31127805453
-3560.26145734736
-3561.39329881137
-3561.39329881137
-3562.65938808928
-3564.03735222515
-3562.80490615162
-3561.75166217954
-3559.58388341251
-3561.8500167444
-3558.4562278343
-3558.68814200586
-3558.73721464117
-3556.38947575891
-3556.94462358267
-3556.96937439226
-3555.24847881584
-3556.40969862523
-3556.76178940036
-3557.37361486504
-3557.56374161412
-3559.67385270909
-3558.76238552811
-3554.67176100263
-3554.33771018384
-3555.24173323986
-3554.63066416189
-3556.1986513082
-3558.55937841988
-3558.93982119699
-3558.1398119566
-3556.75453916769
-3558.05800503337
-3559.11842559106
-3557.99341356519
-3556.66767981667
-3556.28414428044
-3559.46769794922
-3557.07181410213
-3557.34095259247
-3558.80866021315
-3559.27236904316
-3559.5701135324
-3557.41483918512
-3559.31089283995
-3556.84391198607
-3557.23961055612
-3555.17021498668
-3555.1427071791
-3556.43038307439
-3558.94733152667
-3560.70313760578
-3558.31012014084
-3558.93163174736
-3559.68623637908
-3556.71051784114
-3557.60595522655
-3556.82418479658
-3557.72377710287
-3558.7061024517
-3557.23044266097
-3556.46465624727
-3556.46465624727
-3557.68037170682
-3557.50902525267
-3559.51167865722
-3558.64745674622
-3558.22156815352
-3557.68143226182
-3557.83255189635
-3557.7361454744
-3558.69565575735
-3559.67161871065
-3566.09004469795
-3560.02202016299
-3559.4671551838
-3558.69731037832
-3561.14686048426
-3557.67293646394
-3558.17038999307
-3557.24205458552
-3557.53778705021
-3555.61607515208
-3555.22860883004
-3556.50182823035
-3555.28582765658
-3560.31679231598
-3560.31679231598
-3556.82101421715
-3559.84682660548
-3556.90804225353
-3557.08370699218
-3558.29965808764
-3560.61831181729
-3557.1666687041
-3557.28405141533
-3561.11925544166
-3559.37228479388
-3559.37228479388
-3558.14605574177
-3556.1730907732
-3557.69675688878
-3558.80962859432
-3562.55920611954
-3558.24784806863
-3557.4004371184
-3557.4004371184
-3557.4004371184
-3557.4004371184
-3556.33836881786
-3556.63725584781
-3556.63725584781
-3557.55541324589
-3556.5824452804
-3556.5824452804
-3561.23351873409
-3560.850879949
-3559.43726960778
-3558.90394812483
-3561.68535748333
-3558.70791619468
-3560.2221596501
-3562.75550512204
-3564.16212279483
-3567.54134565967
-3559.91929521141
-3559.16226473605
-3558.67833909274
-3556.6611942188
-3555.81265152633
-3555.81265152633
-3555.36639041532
-3556.64783895591
-3557.92329576142
-3559.38386274492
-3556.87311700954
-3556.87311700954
-3556.87311700954
-3556.87311700954
-3556.87311700954
-3557.28984082563
-3557.28984082563
-3557.51336607925
-3559.44954187685
-3558.71948927315
-3559.58887453083
-3559.58887453083
-3559.58887453083
-3559.19815700193
-3558.97304011208
-3558.60575947554
-3558.49347205429
-3558.67206312243
-3558.67206312243
-3559.12541091069
-3557.46292444041
-3557.02204676094
-3557.0726482661
-3558.50855812312
-3558.50855812312
-3560.89355085769
-3560.51011757234
-3564.147247724
-3563.56957381637
-3564.53244499463
-3561.48666443027
-3559.88165178371
-3559.27505875249
-3559.27505875249
-3559.36163217894
-3559.89717540229
-3561.82104853645
-3561.49718164864
-3559.40432612898
-3558.23989991047
-3561.34931561661
-3559.50195303168
-3561.29879052003
-3560.21013426194
-3562.11540096559
-3559.20384172099
-3566.68808534919
-3555.7670923752
-3556.39697498084
-3555.83733552532
-3557.76762478968
-3556.7987093581
-3559.57509935268
-3559.57509935268
-3559.57509935268
-3562.42313956673
-3563.04976878804
-3564.21296956113
-3561.63002642943
-3561.25045277333
-3559.40898737387
-3568.48597764897
-3557.12588687001
-3557.82332426693
-3558.2064043172
-3560.87896613188
-3558.06678870458
-3556.09672869091
-3557.57253446599
-3556.74468222295
-3556.89448614428
-3557.13804712934
-3557.2566504511
-3557.26529494327
-3557.71519850188
-3557.92196807241
-3557.92196807241
-3558.02639369577
-3557.54239403752
-3558.04360661707
-3558.04360661707
-3557.80195195371
-3557.54238572521
-3558.03191172561
-3558.61137972864
-3558.95618316649
-3561.96762719491
-3558.91674842481
-3558.93650648517
-3562.9903125564
-3561.25570630962
-3563.59965564241
-3562.16895067055
-3558.32980966661
-3558.62446140097
-3563.31715429176
-3561.21938530164
-3559.42310965586
-3557.09209508144
-3557.01367278773
-3557.10732903637
-3556.11253110722
-3556.22730787737
-3557.27475769085
-3558.08606730408
-3559.28671792044
-3569.79769838995
-3561.39460102796
-3562.81186359124
-3566.60049062748
-3562.1426854214
-3560.9777510847
-3559.91359434769
-3559.91359434769
-3559.26158731547
-3559.4630526638
-3559.68072611163
-3559.9393437283
-3560.32956849931
-3558.55245938154
-3560.18096498031
-3560.18096498031
-3565.68064765474
-3560.03556591405
-3556.95993586143
-3556.98345346487
-3557.75364560364
-3557.75364560364
-3557.75364560364
-3557.2787817637
-3558.34019814891
-3557.41710426124
-3558.13497529013
-3557.95384148836
-3559.6461769929
-3559.87615918992
-3559.6461769929
-3558.84031636986
-3559.71519675044
-3558.20374633266
-3559.34533883545
-3558.41404953182
-3561.69231109453
-3559.14493926613
-3562.02962563582
-3561.25596909412
-3560.72942827766
-3560.11616922412
-3558.37077168652
-3557.66894564485
-3560.15506574
-3557.56057245831
-3557.67386367959
-3557.87508430658
-3559.23127388649
-3559.55003367875
-3558.00921932823
-3557.70736703297
-3557.61971415205
-3557.08848030938
-3557.38468330889
-3558.8248080316
-3558.65082040483
-3564.76248593049
-3557.29322124727
-3565.27873014614
-3558.68492206562
-3558.63776377181
-3563.90081385899
-3559.87327397431
-3559.67935979908
-3563.53995913656
-3562.40805175025
-3558.83466705288
-3562.40805175025
-3559.20605924307
-3559.7674388142
-3560.47388883227
-3560.26438784579
-3560.26438784579
-3561.38991752151
-3561.86798337207
-3559.15867800534
-3560.7859037132
-3560.7859037132
-3561.98354265695
-3562.16937735549
-3566.06596250335
-3563.08596316807
-3561.53642582175
-3562.23614529792
-3565.33700145454
-3562.80528859992
-3561.90998320054
-3563.53445686187
-3570.74019113784
-3561.69335774405
-3561.69335774405
-3566.1585189998
-3564.06870290225
-3564.31170669174
-3563.22765820938
-3565.40708796924
-3563.22849323899
-3561.76126703064
-3556.60162922137
-3556.30143167195
-3556.54094601511
-3556.54094601511
-3556.54094601511
-3556.54094601511
-3556.38151001244
-3556.38151001244
-3556.56861112421
-3558.63376858248
-3558.87656256963
-3560.22453052951
-3558.97980622148
-3559.44423523888
-3559.35791457558
-3568.23882071737
-3558.66291038461
-3559.32577940274
-3560.00709600965
-3560.50029704397
-3560.06756774729
-3564.78170298229
-3562.63106021653
-3569.33641783935
-3565.61307233111
-3568.52368873312
-3560.35211781154
-3560.35211781154
-3560.57974369229
-3562.21517761529
-3561.65118849379
-3561.91780207425
-3562.4659516476
-3562.72625575923
-3562.33068982005
-3563.6030839187
-3562.82404317413
-3563.58360266141
-3562.96518193204
-3564.63508976906
-3563.19259233243
-3560.09703525155
-3559.75923356475
-3560.2695255226
-3560.38463629646
-3563.61690809534
-3561.29140838514
-3564.04391619198
-3565.31995962524
-3563.29531230499
-3562.05499461585
-3559.38043512213
-3563.39413047021
-3560.31170459944
-3561.74902984216
-3560.8947420472
-3560.8947420472
-3564.21785441926
-3559.20123915332
-3558.9822932934
-3559.84083871821
-3558.9822932934
-3559.98149957119
-3561.16790203359
-3561.55382957597
-3563.26273476346
-3559.84585485315
-3558.47283518064
-3559.14394979998
-3558.30433968108
-3559.82604716366
-3562.71628826189
-3562.49741827504
-3564.80462477302
-3563.30712989976
-3559.95791103117
-3560.62064813486
-3559.15774968883
-3558.19145964338
-3557.81465499923
-3562.65904772064
-3560.59458119554
-3557.05634275167
-3556.81332102489
-3557.39812476855
-3556.75470383851
-3557.65927104586
-3556.17116919938
-3556.90328957003
-3558.61654094326
-3559.88856007327
-3560.41519143874
-3561.67587358664
-3562.26241755427
-3571.62151711911
-3565.951823326
-3563.26167473126
-3572.40856107552
-3562.79878902904
-3560.02065626999
-3560.62857719278
-3561.03740809815
-3560.13010107089
-3566.34554207359
-3561.85091437257
-3560.43121160845
-3560.401489274
-3560.401489274
-3560.84324958406
-3560.63658511911
-3560.66811172366
-3560.66811172366
-3560.66811172366
-3558.45586258097
-3558.45586258097
-3558.81553573793
-3564.08770168238
-3563.51520244581
-3566.9637064206
-3565.56789276851
-3564.38887408712
-3564.38887408712
-3562.54905810626
-3563.7731035369
-3565.09311627754
-3567.09348821259
-3567.42116527249
-3560.12301692132
-3558.39405923274
-3559.28763240651
-3566.02782976824
-3561.3012494058
-3565.58794580025
-3560.03207992947
-3560.03207992947
-3559.47532684305
-3559.85884947169
-3560.42303782104
-3560.42303782104
-3561.16391850176
-3560.75561713072
-3560.75561713072
-3560.96009234965
-3562.96303440441
-3566.57072540023
-3564.5686026423
-3566.11834801367
-3564.48734146345
-3568.06721211756
-3564.74087371248
-3567.30141024221
-3563.87403427773
-3564.91964617501
-3561.50873708539
-3565.58909704649
-3562.13579472982
-3561.31457766398
-3560.16866235004
-3560.88788050697
-3560.95736968412
-3560.95736968412
-3562.34122196721
-3561.20798274754
-3564.94141293884
-3562.40788884239
-3565.54529730665
-3566.67125179746
-3564.74689589794
-3564.77174145153
-3563.96794009029
-3564.84875857817
-3564.53504756597
-3561.23511833251
-3562.00897801176
-3562.33177618359
-3559.92585958745
-3560.25311746973
-3558.35082332151
-3558.16703326376
-3563.03666589193
-3559.33462254867
-3559.51151492131
-3557.76613420873
-3563.60801708816
-3561.76026562173
-3561.90215214796
-3559.56608461858
-3559.01307944787
-3559.74118707058
-3557.97017111209
-3558.34056836119
-3558.42023413099
-3557.89758051486
-3557.80685974969
-3559.18679593339
-3559.18679593339
-3559.340232986
-3563.04317881798
-3559.12695517102
-3562.28940768828
-3562.11241220687
-3558.26223360987
-3558.26223360987
-3558.26223360987
-3557.60780773967
-3557.01640126033
-3564.35583644187
-3564.35583644187
-3556.86712556264
-3559.60876545113
-3558.94371006265
-3558.15233221616
-3557.63133365822
-3556.16227518858
-3556.8666420903
-3559.19292093513
-3559.64394025278
-3558.7094216328
-3564.48990607934
-3559.5914695935
-3561.46160626243
-3559.1570746984
-3558.26913229025
-3557.98973565233
-3556.37165732591
-3556.37568396794
-3557.13251545784
-3556.75154818412
-3557.73576629093
-3557.31323113578
-3557.7133664773
-3557.75502881264
-3557.77812278706
-3557.79663069782
-3554.77686874266
-3555.30319494322
-3556.558412998
-3557.73684701001
-3558.01840102868
-3556.74038976639
-3556.74038976639
-3556.58974495655
-3556.58974495655
-3556.58974495655
-3556.91388030029
-3556.91388030029
-3558.24994329477
-3560.08400737273
-3558.7855949898
-3556.15286323798
-3557.94411687622
-3557.11975489579
-3557.52814994243
-3560.25114517982
-3561.64558919109
-3560.46829787767
-3558.49352419143
-3558.49352419143
-3560.84084688338
-3557.85704122696
-3558.68165898736
-3557.87388065842
-3559.66288532752
-3557.98135507299
-3557.01186370603
-3558.1822544263
-3558.34024676944
-3559.51994459644
-3560.55504945708
-3560.95380746502
-3559.44622742827
-3559.53501426382
-3559.32757118456
-3560.0743614359
-3559.81380606833
-3560.39766433821
-3560.3489616934
-3568.28608375279
-3561.7836840153
-3562.82789428172
-3561.65762811226
-3560.96775615075
-3561.89212225276
-3560.79517245897
-3560.53451510908
-3560.97311515161
-3561.00679432716
-3560.80371318244
-3560.53112055207
-3562.47790315686
-3558.46465933587
-3559.5301995541
-3559.80095778608
-3558.27619896784
-3558.27619896784
-3558.27619896784
-3558.63564326275
-3560.5216546425
-3560.24661551575
-3560.40145136993
-3559.8568068178
-3561.40751871694
-3560.8368057442
-3560.39902858753
-3562.31868239541
-3562.31868239541
-3562.42759545982
-3561.92057534485
-3564.35138319026
-3561.67873146692
-3560.87597603936
-3560.48306313306
-3560.6926449616
-3561.53633191382
-3558.44393355048
-3558.10834076783
-3557.03742040895
-3567.57893425169
-3558.47711708491
-3557.22640945556
-3557.68421674205
-3557.33756001897
-3556.71338846375
-3557.10919108769
-3557.39484595455
-3556.47942786017
-3556.89920357991
-3558.2579934761
-3561.67088172944
-3559.91877990999
-3563.6776668545
-3561.84371502877
-3562.66574080464
-3562.54798401281
-3561.09909383066
-3564.0095003872
-3560.39264831022
-3560.39264831022
-3564.26126623645
-3560.25758586945
-3560.28763281727
-3557.28487511279
-3559.15948095314
-3558.59094829665
-3558.5331701757
-3559.69330530944
-3557.39205939466
-3558.0382614091
-3559.64696064944
-3559.31671907471
-3558.78341946223
-3562.34529968298
-3565.35321059381
-3564.32339538019
-3564.78044599093
-3561.00056788061
-3561.00056788061
-3563.09634356186
-3566.55358844252
-3566.66481566446
-3558.92256191204
-3561.75239114864
-3557.21768673655
-3556.97616074816
-3556.73179084591
-3556.73179084591
-3556.49741659605
-3557.11746321193
-3559.43207377369
-3558.04480670261
-3557.45000838028
-3558.01217642902
-3557.00563940636
-3557.73550627041
-3556.86854016347
-3556.69147131979
-3565.07036004572
-3564.21418291968
-3565.08549646146
-3566.19308902581
-3561.90070521367
-3565.0862270466
-3559.6630529494
-3560.18107803306
-3565.03724302053
-3565.24017615616
-3566.35474647144
-3566.53867442032
-3561.627250071
-3559.9494778413
-3558.73409977617
-3557.43772332029
-3557.57076664525
-3558.27859033043
-3558.51885729577
-3558.86786115342
-3556.81267422927
-3556.81267422927
-3558.33855945952
-3557.19135829255
-3557.74078434827
-3560.94152208102
-3561.22644335413
-3562.39700775068
-3562.50087984527
-3559.9282550405
-3557.60248775449
-3559.54914031183
-3559.25281775903
-3561.18941682504
-3562.28503786795
-3562.73622796552
-3562.072234856
-3562.072234856
-3562.49721496854
-3563.46246843879
-3558.38760614336
-3556.71225916543
-3556.71225916543
-3557.11741005991
-3557.11741005991
-3558.61285181263
-3558.61285181263
-3558.61285181263
-3558.61285181263
-3557.8853719914
-3557.8853719914
-3559.71934159722
-3560.56202829636
-3560.56202829636
-3560.56202829636
-3560.80880247017
-3562.78736345249
-3563.24649954135
-3563.21913175274
-3563.21913175274
-3563.96795826854
-3563.21573589444
-3562.38237769736
-3560.95830832636
-3564.13852557592
-3561.34210200452
-3561.09669707953
-3560.61550122086
-3563.89209108117
-3563.37571336935
-3567.28708901923
-3565.21276358915
-3565.69325780599
-3563.50554926636
-3563.87288621899
-3563.5293746144
-3564.38475145657
-3561.70989378439
-3562.47172222749
-3563.34913223931
-3565.19867218646
-3566.03694641056
-3565.61708026036
-3565.58055382917
-3565.6480922715
-3567.29471858535
-3565.9122902302
-3566.26200090463
-3565.42643891339
-3569.04652980162
-3565.28456152264
-3568.01233139495
-3563.39093485142
-3565.26112072038
-3567.28027531601
-3566.90531976321
-3563.24144163593
-3564.1548834916
-3567.61376402707
-3564.13087015733
-3564.13087015733
-3565.37205240664
-3563.80472517766
-3563.80472517766
-3564.96378214348
-3565.36182776676
-3565.36182776676
-3565.36182776676
-3561.86940338455
-3567.64625113888
-3562.75361090058
-3563.60670504749
-3564.31529732525
-3562.94932410805
-3561.12120698976
-3560.92006217124
-3560.78952745336
-3562.26662185235
-3565.26627634222
-3560.35308766649
-3567.36848130087
-3559.75221505561
-3560.07422714141
-3561.08171176522
-3559.87236791986
-3559.47871805804
-3562.29562183547
-3559.91647155411
-3557.5342725421
-3560.48896547158
-3559.88131364814
-3560.78800943706
-3560.87881953551
-3562.17976719174
-3562.15177061521
-3561.46459918874
-3560.99013748108
-3562.58651715958
-3562.30315634293
-3560.50563706795
-3559.78334159977
-3559.40508141016
-3558.90883950245
-3561.15530002308
-3561.15530002308
-3561.5395918663
-3564.56212618198
-3564.56212618198
-3572.43394138672
-3566.84170328919
-3566.07054441841
-3566.07054441841
-3567.50038127834
-3563.8248246909
-3563.41506450994
-3561.80728394741
-3564.80531792784
-3562.54128698249
-3562.51313143093
-3562.51313143093
-3564.41966016337
-3562.78408994587
-3560.97814265469
-3560.05767725994
-3560.21364381642
-3560.30236227111
-3559.98263563332
-3559.50030500917
-3559.50030500917
-3559.90369920255
-3559.90369920255
-3565.15558370403
-3565.15558370403
-3565.15558370403
-3564.42637428873
-3561.3679948506
-3561.3679948506
-3562.03354112777
-3561.92558253903
-3560.99640008645
-3563.06746612793
-3562.54804318526
-3562.41550580357
-3563.79417544803
-3563.45875405885
-3561.8264718516
-3562.87358864634
-3562.43917449194
-3563.24155033658
-3559.47615013441
-3561.28945656499
-3560.93244242501
-3560.45729346914
-3560.13523224534
-3559.88267834868
-3559.64093013704
-3561.58494944277
-3562.54068787566
-3560.49037983546
-3561.80508822077
-3560.9749853451
-3560.37087329947
-3559.97055298156
-3559.43480991864
-3559.06513749667
-3564.50364007471
-3557.89749838583
-3564.50364007471
-3558.24887892921
-3562.7021121247
-3562.86248181824
-3562.65376310305
-3563.33429006224
-3563.58843582131
-3567.39952844242
-3562.83761402815
-3564.47246505711
-3562.2859771575
-3562.3182980653
-3559.49085940673
-3559.57820613444
-3561.46748697287
-3564.57769963991
-3565.7058555482
-3563.68404316641
-3564.19245252173
-3563.73650021045
-3562.90666600254
-3559.54607807171
-3559.14502753445
-3558.52689196117
-3560.80408516457
-3560.80408516457
-3560.73373575035
-3558.94450683256
-3559.56609369466
-3560.77175642052
-3560.56608907641
-3560.49755151614
-3559.5985388891
-3559.79357778117
-3568.90748750583
-3565.86496120443
-3560.17512330861
-3559.69093784921
-3565.9250191644
-3561.69698290232
-3560.96731861043
-3561.83131981264
-3565.11481858945
-3560.56106566038
-3563.21865243682
-3561.75273609897
-3566.55630614112
-3561.83482505528
-3560.35384669101
-3560.82385040646
-3559.3339735314
-3560.94806162708
-3561.88214149372
-3559.95217231943
-3562.10702325561
-3561.8337744682
-3562.15531101712
-3560.81145724462
-3561.14709011816
-3561.57327481406
-3565.19791309659
-3570.77314094217
-3561.95362991678
-3560.60778417619
-3560.75542956957
-3562.12086086277
-3560.61981084959
-3561.09683654126
-3562.68583844632
-3561.1557123421
-3563.02981744163
-3561.52825335351
-3558.8989493529
-3560.29309312584
-3559.54421454417
-3560.51756444022
-3560.51756444022
-3558.52613525286
-3559.87588202059
-3559.03504798334
-3557.34874100792
-3557.34874100792
-3558.09011252014
-3560.2972725133
-3558.79616350436
-3558.60167055159
-3557.15303207192
-3557.15303207192
-3557.15303207192
-3557.98516765188
-3557.98516765188
-3558.31785875953
-3557.36564013265
-3556.95805270038
-3557.89879224927
-3557.89879224927
-3558.24367400394
-3559.33799647691
-3557.85588312585
-3557.85588312585
-3557.85588312585
-3557.51306986286
-3557.81643616436
-3557.77855384368
-3556.7829957329
-3556.04144743382
-3554.94586730248
-3556.16200514773
-3555.81774671616
-3554.8462703753
-3555.66287263163
-3554.05620474291
-3554.38217278549
-3554.63571038397
-3555.45585170551
-3554.87541237777
-3554.87541237777
-3554.87541237777
-3556.64789281917
-3555.518529729
-3555.96799993115
-3555.73963521868
-3554.52641599516
-3556.46315383895
-3555.53442625174
-3556.17656222018
-3554.33303330543
-3555.97468116599
-3554.69534666635
-3554.19271345387
-3554.69917111882
-3555.00065018542
-3558.2758824774
-3557.86469235137
-3554.98088811329
-3555.93080474355
-3556.6738556826
-3556.6738556826
-3556.34540853271
-3556.40268699599
-3557.90080721115
-3557.90080721115
-3561.61452903549
-3555.70126543702
-3556.33702407609
-3555.37938302889
-3554.9288554524
-3554.83082223152
-3554.3709164101
-3554.3709164101
-3554.92554930351
-3559.56504049526
-3557.4943247779
-3558.34898993963
-3558.7639537886
-3557.83922179999
-3557.625460191
-3557.24696790153
-3557.72555455082
-3556.54159808646
-3555.43359326084
-3555.97212102132
-3557.95431372346
-3554.8805173999
-3554.8805173999
-3555.19757679294
-3555.83002569992
-3554.66108563491
-3556.81880912914
-3557.48571049924
-3557.48571049924
-3557.07023664197
-3557.15314129916
-3556.64551975668
-3556.87518192039
-3556.87518192039
-3556.87518192039
-3556.15376554095
-3563.41715063498
-3561.33265818932
-3559.96967488611
-3559.96967488611
-3557.95481784558
-3560.21369096908
-3557.38145269077
-3558.22046542001
-3561.89686091354
-3557.56310722525
-3558.81890654109
-3558.76001167199
-3558.40457902143
-3561.03304101492
-3562.2727750466
-3559.32077570587
-3558.79972830395
-3558.8309528727
-3558.8309528727
-3561.43329815097
-3556.88548310579
-3556.36215656298
-3556.97562017966
-3558.26427153365
-3558.92759174908
-3558.57799679054
-3558.4328118136
-3558.4328118136
-3558.55271435805
-3558.97350458035
-3557.53733353449
-3563.60329716856
-3559.90975665937
-3562.38121337751
-3560.92903080167
-3568.45151906819
-3561.16889218042
-3561.02299301449
-3562.48623175838
-3569.14285847328
-3561.88908834197
-3560.56724500357
-3560.72604457699
-3558.63863429821
-3558.42493088174
-3558.29624297288
-3559.39858750665
-3558.58901784847
-3557.23619137889
-3557.23619137889
-3558.03458561859
-3558.42955696461
-3558.05237021861
-3558.83007231956
-3557.3605646802
-3556.80728116871
-3557.31395623065
-3557.31395623065
-3559.97548217276
-3559.5829115771
-3559.5829115771
-3559.5829115771
-3560.28577136373
-3562.36115250081
-3561.15812929077
-3561.4301747429
-3562.0502435982
-3561.40672014888
-3560.86069979392
-3560.18167317209
-3562.73465936907
-3560.93343782638
-3560.88025108862
-3561.87273387269
-3560.92998915058
-3561.65701833408
-3564.65707467898
-3559.65957931654
-3559.10390213027
-3565.3747534645
-3565.37763686128
-3567.19355620539
-3565.34771148634
-3564.52708513418
-3565.07517163744
-3565.72654205232
-3563.77506113753
-3565.10127030744
-3567.61843906118
-3568.48981459733
-3572.60624919222
-3570.76259729107
-3564.78327068823
-3563.01898358999
-3562.7432529706
-3560.91641499522
-3563.5317359112
-3562.6093048243
-3559.51326158585
-3557.87965832704
-3557.87965832704
-3557.59893047385
-3557.1532618156
-3555.53610653956
-3556.75011291058
-3558.11130399263
-3558.87425685236
-3567.89938829406
-3558.88631107984
-3556.32788276383
-3557.17403978651
-3558.84043670242
-3558.25293847327
-3560.14281552194
-3557.61748058352
-3556.50677798401
-3562.02280366985
-3559.6034930013
-3557.0117481195
-3557.0935825085
-3556.78651309091
-3557.06552773832
-3558.40168143013
-3557.20035458482
-3557.20035458482
-3556.65963851405
-3555.33617067668
-3555.00835985129
-3558.22668423221
-3556.17714251768
-3556.71481939666
-3557.50045502754
-3558.9320818284
-3554.93702677892
-3554.22782236699
-3555.62465783733
-3559.21829595936
-3557.63987531563
-3556.74693547791
-3558.84542537553
-3558.84542537553
-3559.31836247164
-3560.21284062493
-3559.86965801641
-3560.21286167898
-3560.21286167898
-3560.79743180629
-3558.07796103736
-3558.02430264239
-3565.56040954922
-3561.01404323575
-3562.31387639486
-3561.23539539461
-3562.6150187138
-3563.29114397649
-3560.71254203237
-3561.67254656996
-3558.75784281838
-3557.26883833945
-3556.75533305557
-3555.96631549235
-3555.93344427196
-3553.3355458642
-3553.3355458642
-3554.03036958153
-3553.36340345688
-3556.25247580336
-3556.31948577379
-3558.11048132821
-3559.63894549952
-3560.72532391498
-3566.70279465668
-3563.74818184056
-3559.34568541992
-3560.58932869154
-3559.73700640515
-3562.51556134381
-3559.98254429494
-3557.29403634955
-3556.59478791849
-3555.15037009122
-3564.25103623929
-3556.96047972886
-3562.87908773879
-3559.1289859787
-3557.37267260591
-3557.18030057217
-3559.01333364313
-3558.81121994846
-3559.34618641164
-3554.99918920186
-3553.87307675374
-3556.51734565152
-3555.96882699632
-3558.606729926
-3561.01703381912
-3561.01703381912
-3561.01703381912
-3561.1266680306
-3562.97061033791
-3560.81969842753
-3562.97061033791
-3560.26940011225
-3559.66451250439
-3561.29808694883
-3562.54134386444
-3562.7123944538
-3563.08990263727
-3561.53557994914
-3563.15011427542
-3559.52201971553
-3560.56084611388
-3561.67536950663
-3561.320091351
-3560.3124210393
-3557.78194212409
-3556.70253147759
-3560.73840135585
-3558.35663552806
-3554.67221675912
-3555.10831244055
-3553.63859673134
-3555.00413045912
-3555.02985484729
-3558.08172385449
-3558.68874682969
-3558.11534716653
-3559.88074020363
-3563.5150740756
-3560.37462172492
-3560.37462172492
-3559.92869486347
-3558.56571735581
-3559.05837480861
-3558.25894525982
-3560.78968546197
-3562.46982106961
-3560.18228233732
-3559.88001146241
-3562.02702551346
-3563.63623511137
-3560.33060246556
-3561.8546454629
-3559.6316228247
-3561.76219030868
-3560.95509776255
-3558.81127433626
-3558.64571635652
-3557.23981041103
-3557.51243853502
-3556.15622044482
-3555.38426706221
-3556.01784045133
-3556.25985170436
-3564.48715608901
-3557.78904200778
-3558.61484368581
-3557.27130948194
-3559.35113399364
-3555.96869385049
-3555.96869385049
-3555.78688603703
-3554.93058324153
-3554.96591931191
-3554.7145070639
-3554.77323103292
-3553.70287703213
-3553.59157990359
-3553.11401986253
-3555.31386012352
-3556.72092181196
-3556.64759841637
-3556.64759841637
-3554.6340996829
-3559.25144078304
-3557.63791076655
-3555.04324959272
-3554.7191073623
-3561.14595442967
-3554.20072497534
-3559.17149088809
-3555.27239816037
-3558.53831725105
-3562.85656047987
-3556.36533694986
-3557.33604769886
-3559.11902322209
-3558.91181292955
-3555.6824406454
-3556.81518537433
-3556.81518537433
-3556.25888941801
-3556.74254782363
-3556.11340035468
-3556.34174461807
-3557.62535453015
-3556.81440458683
-3557.8686278998
-3556.48562247874
-3559.64199318537
-3560.25544117787
-3568.97100898334
-3562.19358441495
-3566.89125678668
-3561.77391355505
-3560.43026405106
-3560.43026405106
-3560.43026405106
-3558.51389536319
-3558.59930499664
-3557.61440138748
-3557.61440138748
-3563.97361456008
-3560.31891111587
-3559.33135479743
-3558.62508734601
-3561.21029534636
-3558.55063106412
-3561.51678580384
-3559.22557370412
-3561.21970245562
-3559.62652461385
-3559.74914733553
-3561.01650164906
-3558.81697039993
-3558.6533311177
-3558.35728309715
-3557.96807796291
-3557.58458423117
-3557.06847207193
-3556.45474761175
-3555.15008966235
-3556.07352677083
-3553.59455733352
-3553.71483256167
-3554.77315017834
-3555.49860045914
-3558.12247262759
-3555.47424153782
-3553.78972884864
-3556.47708111221
-3554.22909784041
-3555.73811044235
-3556.72146767735
-3555.96232208621
-3557.35062449178
-3572.64531992183
-3557.68167043418
-3555.61460613385
-3555.6728090033
-3556.04252106643
-3555.85104562721
-3556.17897293047
-3555.42289180275
-3556.06838409356
-3556.3993250225
-3555.47527441853
-3555.49584085516
-3556.99489184102
-3555.85327726083
-3556.4145993868
-3556.70942917603
-3556.70942917603
-3557.151003834
-3557.01516990631
-3557.18445615065
-3557.61383577038
-3556.41696875049
-3555.32472114018
-3558.744644721
-3562.23847300309
-3560.20009460267
-3558.25367976408
-3557.73327338788
-3557.37816678336
-3557.98874350152
-3557.28422600265
-3556.74481971856
-3557.83828510797
-3558.75371528768
-3563.85548374631
-3560.12813306951
-3558.4468484531
-3555.39583728324
-3553.28497786455
-3552.64002353921
-3552.33666715221
-3552.5548692412
-3552.3970308463
-3553.40428454251
-3553.40428454251
-3553.1639955876
-3554.36992096547
-3554.36992096547
-3554.36992096547
-3554.36992096547
-3555.32480617628
-3555.32350531448
-3553.81195927587
-3554.81604615676
-3553.57261218972
-3561.61346537808
-3553.18560844567
-3553.18560844567
-3553.0897137509
-3553.0897137509
-3554.20401356924
-3555.40639930749
-3556.28071844204
-3554.21159481588
-3557.01545691063
-3556.87732313819
-3558.2331078292
-3558.61608404477
-3557.73315380652
-3568.89665685808
-3557.71721196086
-3557.5778058324
-3556.33593492632
-3554.5338210839
-3567.48530251998
-3559.44507782595
-3557.63456211964
-3557.36247155061
-3558.15890253418
-3554.65052765199
-3555.06871462734
-3555.84878522331
-3558.12810879705
-3557.42237434496
-3556.29343647381
-3556.2455995833
-3557.23145851859
-3557.23145851859
-3567.68451215327
-3563.01007985698
-3566.09408204223
-3558.45716858221
-3561.99036840868
-3561.39262084137
-3558.90149171609
-3555.75613197329
-3556.81074748989
-3557.05209800589
-3557.05209800589
-3564.9220937153
-3557.50475361391
-3557.20216816566
-3557.12213589838
-3557.79678649351
-3557.37006363433
-3557.82939332392
-3557.82939332392
-3557.82939332392
-3556.86300316134
-3556.86300316134
-3557.60048332172
-3557.60048332172
-3557.60048332172
-3559.36689411725
-3557.93901228748
-3558.54675441541
-3558.03558387009
-3557.29132278511
-3556.99665489204
-3558.48252368413
-3556.39648744596
-3555.67073932163
-3555.67073932163
-3555.67073932163
-3554.42317455991
-3554.78866021211
-3554.78866021211
-3556.56614080827
-3556.88039634996
-3557.18645721873
-3557.93169222533
-3556.10337326738
-3556.17513184173
-3559.55209865012
-3559.55209865012
-3556.33724397196
-3555.85534961124
-3555.27433786573
-3554.89274493268
-3554.89274493268
-3556.79384446753
-3556.22670878895
-3556.2826424109
-3556.2826424109
-3560.0705198504
-3557.07331835429
-3560.95407683087
-3555.61063673835
-3555.10355730415
-3558.54947764179
-3559.10662847666
-3559.35768857747
-3557.07810176039
-3558.55928860144
-3557.88790402936
-3557.70435058661
-3557.93019271713
-3559.65294280077
-3559.65294280077
-3556.65906353386
-3557.61030942621
-3556.74706424773
-3557.39923053693
-3557.63218818936
-3556.59719426621
-3558.52443978127
-3556.23529606969
-3557.18633194664
-3557.107424381
-3560.47154495861
-3558.0227353903
-3559.6353393086
-3559.60663313262
-3557.58139601312
-3558.36385863794
-3557.77659005917
-3557.77659005917
-3567.66925614909
-3557.51535281832
-3556.18181025983
-3556.18181025983
-3560.97721907084
-3562.30143399308
-3559.32932731907
-3559.32932731907
-3559.32932731907
-3562.31034552813
-3567.98036201273
-3559.30621330694
-3559.30621330694
-3559.16203169049
-3559.64553527076
-3559.26745524754
-3559.26745524754
-3558.51019490264
-3557.58989587082
-3558.91421742856
-3560.04538525706
-3560.04893029931
-3560.18592198311
-3558.59137569414
-3559.1540824117
-3557.28497383278
-3555.64243291182
-3556.08013916189
-3557.07212860225
-3555.92995237771
-3555.10269994125
-3554.88645583861
-3556.26834670648
-3554.01530586909
-3555.91222670187
-3554.5928079415
-3553.31486124415
-3553.31486124415
-3553.55131818293
-3556.90222339148
-3557.18198671694
-3556.94148701621
-3562.20846541208
-3558.07309009962
-3558.2877662712
-3558.27520739528
-3558.67853515164
-3557.74951664216
-3558.0503397649
-3558.67802230794
-3559.00973471394
-3557.43488654862
-3558.25239441147
-3558.22959298462
-3558.36783392115
-3557.65880047963
-3558.62422838058
-3557.48724413483
-3556.72099470945
-3557.14217545961
-3557.14217545961
-3557.12296316903
-3556.87334541558
-3556.73361618537
-3556.4692146939
-3557.98333009424
-3556.90396927283
-3556.54451849126
-3556.54451849126
-3556.54451849126
-3556.54451849126
-3570.05697328729
-3570.76909648094
-3564.62025460581
-3562.83949267559
-3563.45853639296
-3559.14873564078
-3559.84053229339
-3558.55203444754
-3561.37298392977
-3559.39541372817
-3557.03741814096
-3554.47300760156
-3554.25112441556
-3554.36823823459
-3554.07841352182
-3554.5278926151
-3556.18539344242
-3556.18539344242
-3556.18539344242
-3556.18539344242
-3556.39232968394
-3556.39232968394
-3556.28270443537
-3554.29816657576
-3554.99986786159
-3554.89774603343
-3554.02632833925
-3554.31934109378
-3554.31934109378
-3554.31934109378
-3552.86036016175
-3555.80724010158
-3555.96318999085
-3555.36338017172
-3555.36338017172
-3555.43400234501
-3553.56685025791
-3553.78737941159
-3553.45104387477
-3553.75350151283
-3553.7836821699
-3554.72846062569
-3553.07594117028
-3552.85690635734
-3553.68628642249
-3553.86502196887
-3553.69694983144
-3555.32078448775
-3554.25430932456
-3552.88709187698
-3552.80766771631
-3554.56487410424
-3554.19780375251
-3553.98050354422
-3554.41739866763
-3554.02075394046
-3554.02409125252
-3554.32861625725
-3555.66292950914
-3556.3991195655
-3558.68356245409
-3561.60670212994
-3560.70088152131
-3562.24105334511
-3561.05017196286
-3559.77461178116
-3559.09245439005
-3560.59667702588
-3559.18267855517
-3561.76794720951
-3560.70856174755
-3563.96787664978
-3562.89488773576
-3563.4998277885
-3562.57524076936
-3562.57524076936
-3566.014717927
-3559.68851171073
-3561.21142497474
-3560.54153764872
-3561.57777713567
-3560.03475641097
-3567.6966329146
-3560.89527145608
-3557.11124803462
-3557.11124803462
-3557.61674996869
-3561.95307126506
-3558.14448290244
-3561.95307126506
-3561.95307126506
-3559.82998206876
-3559.82998206876
-3559.68213253923
-3559.15516808691
-3558.78018983241
-3558.20388371802
-3560.56667366196
-3560.4235399914
-3561.10058750881
-3560.75818965613
-3565.20434157727
-3560.66932678584
-3559.25974707999
-3559.57062000292
-3559.57062000292
-3561.9344299036
-3558.90977700208
-3558.13269948536
-3558.61182070114
-3561.69628643744
-3557.82270613881
-3557.82270613881
-3556.19427399209
-3555.21829020785
-3560.99169043708
-3556.18473138136
-3554.64232952937
-3554.72611681277
-3554.70287008696
-3554.31117454409
-3554.75073391461
-3556.43933205021
-3555.86931289126
-3556.52976639934
-3555.14746969281
-3563.88438329656
-3556.91852789026
-3556.91852789026
-3556.25753836154
-3556.25753836154
-3562.65943619818
-3555.873113509
-3555.873113509
-3555.80221510792
-3555.42429206784
-3557.29546977776
-3556.70271324818
-3556.6616540125
-3557.37206879801
-3557.39882063965
-3563.99096600129
-3556.34346817536
-3556.34346817536
-3559.3267130725
-3556.2277781142
-3556.46858647774
-3558.3386158209
-3558.33076670407
-3558.5317094643
-3557.65463056539
-3563.21539600461
-3556.79138904221
-3556.76592609102
-3562.26991475485
-3557.43341963747
-3555.86192445414
-3563.06646634876
-3555.75365724233
-3556.34521884025
-3556.12644309354
-3559.04000896253
-3559.34009923952
-3561.02294737828
-3561.02294737828
-3557.2770888469
-3559.00270079533
-3557.97640427354
-3556.87783713812
-3558.39379362483
-3558.42532166626
-3556.25644414364
-3556.25644414364
-3557.15423064811
-3557.15423064811
-3557.15423064811
-3556.95794998519
-3556.89292858666
-3557.25112043664
-3560.65444707425
-3561.68727878922
-3559.99588540032
-3561.53385870749
-3557.55311359
-3560.34065028208
-3561.63885556426
-3560.64101951996
-3559.05747242196
-3562.29408043219
-3558.00079829581
-3557.36280653177
-3559.08448332725
-3557.99436423049
-3559.1905501787
-3558.05260802707
-3568.3628503335
-3557.76758978236
-3558.77416787732
-3558.23768598896
-3563.34082137861
-3560.54796630382
-3561.16194318002
-3560.56004019987
-3563.11642382717
-3563.11642382717
-3563.7929987998
-3562.84052800066
-3564.82507299913
-3560.82181587035
-3561.67929416519
-3561.00799925064
-3559.73420026438
-3560.70651043412
-3562.54504969933
-3562.54504969933
-3562.54504969933
-3562.46601151719
-3563.19597308687
-3563.19597308687
-3563.52666441537
-3563.86525924135
-3563.86525924135
-3566.08255752536
-3564.55174560794
-3563.89298269409
-3564.19001584848
-3563.2238824009
-3562.0036398315
-3561.3880340864
-3562.45828643624
-3565.28437995087
-3566.99326067631
-3562.97629854081
-3561.16084621189
-3559.57469215106
-3559.57469215106
-3566.39683030855
-3560.4907641652
-3561.23432508377
-3562.36853522405
-3559.85781904606
-3557.93627179158
-3559.66678755999
-3559.66678755999
-3557.54532570656
-3557.24074961811
-3559.54112986436
-3559.63275470748
-3559.65300398221
-3556.86268559122
-3557.29657698754
-3554.56220447973
-3554.90377725657
-3553.84014452407
-3554.91252703133
-3555.98700413301
-3556.19914713684
-3554.74340929094
-3555.48580888949
-3556.57844584146
-3558.53429061537
-3557.07120180083
-3560.73465780775
-3558.57364712315
-3558.47357903297
-3556.3472826687
-3555.6031821023
-3558.69752842094
-3565.80727170504
-3555.71608738077
-3559.1341808865
-3556.13116367303
-3565.02509827063
-3561.42855950843
-3562.86547254178
-3556.71985497114
-3557.94105738164
-3557.6901428345
-3563.79524553111
-3560.34053826753
-3559.62526743578
-3559.12464154321
-3561.80195839477
-3560.42683139441
-3556.70547336112
-3557.79933415658
-3558.33189005981
-3563.06079414566
-3565.09216667467
-3564.53723586928
-3560.53098624818
-3560.05289742639
-3561.01010646211
-3561.83642377849
-3558.63849396453
-3558.20481288999
-3557.71890718578
-3558.44927249015
-3561.33690722858
-3560.90513412595
-3561.16874949605
-3560.30028782468
-3562.08756326982
-3559.48052899002
-3558.3605894967
-3562.27930250414
-3558.05277792423
-3556.55062762027
-3556.214078285
-3556.43280956882
-3557.16916921773
-3558.40277981276
-3560.8587720489
-3560.00641500741
-3561.84860449656
-3562.74775065052
-3560.65006573326
-3558.82455499673
-3558.13281858264
-3561.21752598013
-3563.25029251251
-3563.25029251251
-3563.85616820535
-3563.64424382621
-3565.30567239753
-3561.97907538544
-3562.25226843264
-3562.49310926765
-3557.71428330283
-3559.74159840825
-3561.03626270294
-3561.49330768258
-3560.87794455287
-3561.72771351729
-3560.41449443237
-3558.75616393004
-3559.67223173587
-3558.94663927393
-3559.94677391668
-3557.96095363274
-3560.33511588048
-3556.48813652088
-3558.23741289017
-3556.37619156318
-3559.72524222016
-3557.84762326679
-3557.09912041087
-3558.81663246538
-3559.84837323968
-3556.12501486053
-3556.78523289589
-3558.79767900173
-3560.60670097204
-3561.04594323219
-3559.53061418635
-3558.65987207204
-3558.97742068766
-3558.57858890266
-3559.91628248883
-3558.50792202424
-3559.13801696882
-3563.91888072018
-3560.41152260794
-3563.21438075698
-3562.48950146677
-3562.89358134128
-3562.98904636282
-3565.82257056334
-3564.74729171479
-3562.9236860113
-3562.15851749362
-3561.37290344826
-3560.27031910672
-3562.4990811707
-3560.59355015357
-3558.06167928228
-3558.85494053193
-3562.01953757815
-3559.24844124883
-3565.3571831438
-3556.94743433827
-3559.23794251725
-3561.0554729338
-3561.34441468017
-3561.96019633524
-3560.56324967674
-3558.5954220168
-3559.14706650812
-3560.61973282183
-3559.80096768965
-3558.8840118227
-3561.29399043269
-3558.31689588836
-3558.31689588836
-3558.39755316181
-3559.15556670406
-3556.76029787879
-3557.62957548186
-3557.6796481262
-3560.2039238249
-3560.31042640736
-3559.79098701352
-3559.79098701352
-3560.85493226604
-3559.74043167997
-3557.65241599992
-3557.65241599992
-3557.98755537312
-3559.11283983192
-3557.96887790133
-3559.41388421088
-3558.36191658697
-3558.765222968
-3561.13435069641
-3562.80796927212
-3564.43113493666
-3560.59136254648
-3560.59136254648
-3560.59136254648
-3560.89833451373
-3564.43958450616
-3560.85008157645
-3567.88119680505
-3566.64817570085
-3563.22267855693
-3562.47226561043
-3566.52939303981
-3563.66355979731
-3564.54989453297
-3560.12165267506
-3567.87064262399
-3560.7160125518
-3560.41460133028
-3559.60193801823
-3558.55240078354
-3558.08981646409
-3559.16354747522
-3559.16354747522
-3558.44201264795
-3558.36652978346
-3557.12672232688
-3556.50974327146
-3556.55339560752
-3556.48500886733
-3556.62371930736
-3568.06341655171
-3556.78504399426
-3556.78504399426
-3556.13806185777
-3558.10137817535
-3557.58585693895
-3557.58585693895
-3559.82141040264
-3560.49435328054
-3560.66180151088
-3558.29401194278
-3560.38634431024
-3559.24228030253
-3559.47664054052
-3560.0910109311
-3560.0910109311
-3562.18142884032
-3559.22305212749
-3558.92251027115
-3558.88482430661
-3559.21534858933
-3557.89758540827
-3558.17530013575
-3559.315090987
-3559.8572671521
-3559.8572671521
-3557.46501019202
-3556.95548348651
-3559.25530949947
-3558.50146411643
-3562.34998784386
-3561.43223285699
-3558.0277582998
-3557.32825064849
-3558.62574505321
-3559.38688508548
-3557.08860800724
-3558.25322795721
-3559.82355802165
-3557.65701139709
-3559.77412742953
-3560.94742752637
-3562.14752808147
-3560.08914389539
-3558.30789684121
-3558.5390946214
-3559.24518989196
-3559.08885069892
-3569.32070796205
-3559.29772959604
-3560.09219850156
-3560.09219850156
-3562.41127609954
-3559.11214748125
-3560.1562592958
-3558.68591965975
-3558.4874691482
-3558.4874691482
-3556.18976185955
-3557.17881176187
-3556.47103246156
-3556.56775615779
-3557.7625888585
-3557.71243133508
-3557.71243133508
-3557.71243133508
-3558.11824837137
-3558.11824837137
-3557.14249722049
-3557.22093130192
-3557.66991709247
-3559.84062312275
-3557.0357367608
-3557.34107159735
-3559.56233076101
-3559.56233076101
-3557.64968488312
-3562.59329492601
-3562.08629061256
-3556.87085903713
-3558.53739720136
-3558.3765452924
-3558.17968555746
-3555.74356298537
-3555.48202620365
-3554.98008209976
-3555.22301520177
-3555.22301520177
-3555.50725496331
-3559.41710193719
-3558.95034332876
-3563.8244771849
-3556.83365026098
-3557.17876482722
-3557.92416681902
-3554.96663401936
-3555.84410843288
-3555.84410843288
-3557.0685622963
-3555.38561150632
-3555.20855880129
-3555.06432683534
-3555.06432683534
-3555.30699229174
-3556.51662704665
-3556.51662704665
-3554.37559622659
-3555.57709627211
-3557.90265065835
-3558.30896506448
-3558.30896506448
-3555.7025985293
-3555.60236500609
-3555.13365755208
-3555.02428266199
-3554.28324298442
-3555.20722482544
-3557.51038018429
-3555.29422705966
-3553.89227262893
-3554.20752827685
-3554.20752827685
-3556.8306091552
-3556.23732197686
-3556.36400720187
-3555.35752574918
-3556.23241153683
-3556.64585707778
-3557.38277220919
-3557.2090760126
-3556.55070099945
-3556.5322588981
-3559.93119288721
-3555.49569328428
-3556.04570269619
-3557.09278703694
-3556.7652370219
-3555.76848215358
-3556.62166805608
-3556.50790678942
-3558.79297298399
-3556.02890880871
-3555.85032832531
-3557.82273574576
-3557.39642968806
-3557.71091816781
-3557.47673191136
-3558.01828332929
-3556.06373619676
-3558.19794432574
-3556.78858240809
-3556.78858240809
-3556.53482743164
-3555.67161112793
-3556.78198637916
-3556.820182508
-3556.41279766137
-3556.76722224761
-3555.86141487882
-3555.86141487882
-3556.16675819949
-3556.16675819949
-3557.84938377908
-3557.03670940018
-3558.12121099735
-3557.81610375673
-3558.0219200982
-3557.90633342896
-3555.94241440165
-3555.97096563614
-3556.16949852301
-3556.16949852301
-3556.25133140274
-3558.41883584682
-3556.67561256532
-3557.1671021637
-3557.05726729235
-3556.59912489261
-3556.59912489261
-3556.59912489261
-3559.17433122128
-3560.07115074001
-3560.08417521562
-3558.77567615698
-3561.31534904632
-3557.4027552845
-3557.4027552845
-3557.4027552845
-3555.97044031878
-3555.97044031878
-3555.97044031878
-3558.80308788408
-3558.80308788408
-3560.37950180121
-3560.40748176777
-3559.07566969487
-3559.34023864943
-3559.9924826918
-3558.71024641285
-3557.99877465816
-3559.7562275451
-3559.67135586476
-3566.97098416306
-3559.05947846508
-3562.62919889933
-3562.91098637405
-3559.48768210337
-3560.06450819334
-3559.20632705221
-3559.21228042132
-3560.03070147305
-3560.03070147305
-3557.79368314559
-3557.79368314559
-3557.62118050712
-3557.54591652228
-3560.5176408905
-3560.45046117476
-3559.10763929064
-3559.08523141396
-3559.08523141396
-3561.64819835674
-3565.03788696188
-3563.22418754229
-3559.64584298692
-3559.60650274245
-3563.19401998044
-3563.19401998044
-3561.59489250979
-3559.47427499526
-3563.85610811585
-3559.07891351538
-3562.00427089714
-3562.58878271184
-3563.44807662428
-3564.23340988863
-3559.53776501763
-3559.76084598994
-3560.81741332769
-3559.13897289611
-3559.13897289611
-3557.25830893019
-3556.12079255475
-3557.97205437227
-3557.49759865645
-3559.32151874335
-3559.32151874335
-3559.32151874335
-3562.81721782305
-3558.7905542588
-3562.21744894304
-3557.27171072066
-3561.27550414037
-3558.19082400036
-3558.19082400036
-3558.61342973098
-3558.61342973098
-3558.61342973098
-3558.61342973098
-3560.09922753438
-3556.79202062057
-3556.68162901077
-3556.60757265607
-3567.88569902149
-3561.49444049471
-3567.08982373424
-3566.62725211575
-3561.02597597202
-3562.74199592198
-3561.32322565083
-3566.1231095059
-3560.91891715928
-3562.97541715228
-3560.89151268214
-3559.94571894795
-3560.03904538347
-3560.66027146551
-3558.4841579706
-3559.01459607727
-3561.0857003537
-3561.95437181969
-3559.09121265185
-3562.74388277322
-3560.94590804774
